,link,title,end_date,Tip,Površina,Broj soba,Grejanje,Stanje,Godina izgradnje,Spratnost,Lift,Infrastruktura,Opremljenost,Šifra oglasa,Oglas ažuriran,price,street,address,Garaža,Unutrašnje prostorije,Nameštenost,Uknjiženost,Useljivo,Depozit,Useljivo od,Pogodno za,Dozvoljeni kućni ljubimci,Parking,Pogled na,Dozvoljeno pušenje,Internet,Režije,Orijentacija nekretnine,Autobuske linije,Tramvajske linije
0,https://www.4zida.rs/izdavanje-stanova/blok-45-novi-beograd-beograd/jednoiposoban-stan/64d5605749fdff30ca07f2e8,"Jednoiposoban stan za izdavanje, Nehruova, 500€, 45m² - 4zida",2023-08-11,,,,,,,,,,,,,,,,,,,,,,,,,,,,,,,,
1,https://www.4zida.rs/izdavanje-stanova/bulevar-oslobodjenja-gradske-lokacije-novi-sad/trosoban-stan/64d628cce69fd7ad5c05c1b7,"Trosoban stan za izdavanje, Bulevar Oslobođenja, 770€, 89m² - 4zida",2023-08-11,Stan u zgradi ,89 m² ,3 sobe ,centralno grejanje ,uobičajeno stanje ,2023,4. sprat ,ima lift (1) ,terasa ,kablovska ,9107179 ,pre 3 sata ,770,Bulevar Oslobođenja,"Bulevar Oslobođenja, Gradske lokacije, Novi Sad",,,,,,,,,,,,,,,,,
2,https://www.4zida.rs/izdavanje-stanova/tosin-bunar-novi-beograd-beograd/trosoban-stan/64ae7c4000fc542f8605299c,"Trosoban stan za izdavanje, Tošin bunar, 1.000€, 75m² - 4zida",2023-08-11,,75 m² ,3 sobe ,centralno grejanje ,,,3/6 spratova ,ima lift (1) ,terasa ,"telefon, kablovska, internet, klima ",53584 ,pre 30 dana ,1.000,Tošin bunar,"Tošin Bunar, Novi Beograd, Beograd",1 garažno mesto ,kupatilo ,namešteno ,,,,,,,,,,,,,,
3,https://www.4zida.rs/izdavanje-stanova/juzni-bulevar-vracar-beograd/jednoiposoban-stan/64d519355220993d9e0444aa,"Jednoiposoban stan za izdavanje, Južni Bulevar, 700€, 36m² - 4zida",2023-08-11,,36 m² ,1.5 soba ,centralno grejanje ,renovirano ,,4. sprat ,,terasa ,"telefon, kablovska, internet, klima ",47628 ,pre 23 sati ,700,Južni Bulevar,"Južni Bulevar, Vračar, Beograd",,,namešteno ,uknjiženo ,useljivo ,,,,,,,,,,,,
4,https://www.4zida.rs/izdavanje-stanova/novi-sad-centar-stari-grad-gradske-lokacije-novi-sad/trosoban-stan/64d640f70a50583e1a08c204,"Trosoban stan za izdavanje, Novi Sad - Centar, 800€, 54m² - 4zida",2023-08-11,Stan u zgradi ,54 m² ,3 sobe ,centralno grejanje ,uobičajeno stanje ,,visoko prizemlje ,ima lift (1) ,terasa ,,9116427 ,pre 2 sata ,800,Novi Sad - Centar,"Novi Sad - Centar, Stari Grad, Gradske lokacije, Novi Sad",,,,,,,,,,,,,,,,,
5,https://www.4zida.rs/izdavanje-stanova/podbara-gradske-lokacije-novi-sad/garsonjera/64d4d744ebd5b681e7011430,"Garsonjera za izdavanje, Podbara, 250€, 26m² - 4zida",2023-08-11,Stan u zgradi ,26 m² ,0.5 soba ,etažno grejanje ,uobičajeno stanje ,2023,1. sprat ,ima lift (1) ,terasa ,kablovska ,9107173 ,pre 1 dan ,250,Podbara,"Podbara, Gradske lokacije, Novi Sad",,,,,,,,,,,,,,,,,
6,https://www.4zida.rs/izdavanje-stanova/centar-gradske-lokacije-jagodina/garsonjera/64d64292f5d663634903564e,"Garsonjera za izdavanje, Dositejeva 10, 120€, 27m² - 4zida",2023-08-11,Stan u zgradi ,27 m² ,0.5 soba ,centralno grejanje ,renovirano ,2010,3/5 spratova ,ima lift (1) ,terasa ,"TV, klima, veš mašina, kuhinjski elementi, frižider, zamrzivač, rerna, šporet, ležaj, plakar ",,pre 1 sat ,120,Dositejeva 10,"Centar, Gradske lokacije, Jagodina",,"kupatilo, kuhinja ",namešteno ,uknjiženo ,,"obavezan depozit, 100",01.09.2023 ,Studente ,Ne ,,,,,,,,
7,https://www.4zida.rs/izdavanje-stanova/novi-grad-zemun-zemun-opstina-beograd/dvosoban-stan/641afcbbd4dd41c17e06ffb4,"Dvosoban stan za izdavanje, Timočka 11, 500€, 50m² - 4zida",2023-08-11,Stan u kući ,50 m² ,2 sobe ,TA peć ,renovirano ,,1/2 sprata ,,terasa ,"TV, klima, veš mašina, kuhinjski elementi, sudo mašina, frižider, zamrzivač, mikrotalasna rerna, rerna, šporet, ležaj, plakar ",,pre 1 sat ,500,Timočka 11,"Novi Grad, Zemun, Zemun opština, Beograd",,"kupatilo, kuhinja ",namešteno ,,,obavezan depozit ,06.09.2023 ,"Porodice, Studente ",Ne ,1 parking mesto ,ulicu ,,,,,,
8,https://www.4zida.rs/izdavanje-stanova/blok-65-west-65-novi-beograd-beograd/dvosoban-stan/64d4efedbaece028f205c34c,"Dvosoban stan za izdavanje, Bulevar heroja sa Košara, 750€, 56m² - 4zida",2023-08-11,,56 m² ,2 sobe ,centralno grejanje ,,,1/9 spratova ,ima lift (1) ,terasa ,"telefon, kablovska, internet, klima ",853939 ,pre 1 dan ,750,Bulevar heroja sa Košara,"Blok 65 - WEST 65, Novi Beograd, Beograd",1 garažno mesto ,kupatilo ,prazno ,,,,,,,,,,,,,,
9,https://www.4zida.rs/izdavanje-stanova/juzni-bulevar-vracar-beograd/troiposoban-stan/64d50b2850daaa73e80fe61e,"Troiposoban stan za izdavanje, Južni Bulevar, 800€, 80m² - 4zida",2023-08-11,,80 m² ,3.5 soba ,etažno grejanje ,renovirano ,,1. sprat ,,,"telefon, kablovska, internet, klima ",47645 ,pre 1 dan ,800,Južni Bulevar,"Južni Bulevar, Vračar, Beograd",,,polunamešteno ,uknjiženo ,useljivo ,,,,,,,,,,,,
10,https://www.4zida.rs/izdavanje-stanova/tabane-gradske-lokacije-jagodina/jednosoban-stan/64d62817e69fd7ad5c05c182,"Jednosoban stan za izdavanje, Tabane, 200€, 37m² - 4zida",2023-08-11,Stan u zgradi ,37 m² ,1 soba ,grejanje na struju ,renovirano ,,,,podrum ,"veš mašina, frižider, šporet, ležaj ",6693 ,pre 3 sata ,200,Tabane,"Tabane, Gradske lokacije, Jagodina",,kuhinja ,namešteno ,uknjiženo ,useljivo ,,,,,,,,,,,,
11,https://www.4zida.rs/izdavanje-stanova/grbavica-gradske-lokacije-novi-sad/jednoiposoban-stan/64d5f0346b8963ef7a0b78bd,"Jednoiposoban stan za izdavanje, Grbavica, 300€, 41m² - 4zida",2023-08-11,Stan u zgradi ,41 m² ,1.5 soba ,centralno grejanje ,uobičajeno stanje ,2023,1. sprat ,ima lift (1) ,terasa ,kablovska ,9107177 ,pre 7 sati ,300,Grbavica,"Grbavica, Gradske lokacije, Novi Sad",,,,,,,,,,,,,,,,,
12,https://www.4zida.rs/izdavanje-stanova/a-blok-blok-67a-novi-beograd-beograd/jednosoban-stan/64d50b2950daaa73e80fe62a,"Jednosoban stan za izdavanje, A Blok - Blok 67a, 600€, 31m² - 4zida",2023-08-11,,31 m² ,1 soba ,centralno grejanje ,renovirano ,,1. sprat ,ima lift (1) ,,"telefon, kablovska, internet, klima ",44791 ,pre 6 sati ,600,A Blok - Blok 67a,"A Blok - Blok 67a, Novi Beograd, Beograd",,,namešteno ,uknjiženo ,useljivo ,,,,,,,,,,,,
13,https://www.4zida.rs/izdavanje-stanova/bubanj-centar-gradske-lokacije-kragujevac/garsonjera/64d4f170baece028f205c396,"Garsonjera za izdavanje, Bubanj, 200€, 29m² - 4zida",2023-08-11,,29 m² ,0.5 soba ,centralno grejanje ,,2010,2/4 sprata ,ima lift (1) ,terasa ,"kablovska, internet, interfon ",2361 ,pre 1 dan ,200,Bubanj,"Bubanj, Centar, Gradske lokacije, Kragujevac",,kupatilo ,namešteno ,uknjiženo ,,,,,,1 parking mesto ,,,,,,,
14,https://www.4zida.rs/izdavanje-stanova/kalenic-vracar-beograd/dvosoban-stan/64d50b2350daaa73e80fe60c,"Dvosoban stan za izdavanje, Kalenić, 700€, 48m² - 4zida",2023-08-11,,48 m² ,2 sobe ,norveški radijatori ,renovirano ,,5. sprat ,,terasa ,"telefon, kablovska, internet, klima ",39337 ,pre 1 dan ,700,Kalenić,"Kalenić, Vračar, Beograd",,,namešteno ,uknjiženo ,useljivo ,,,,,,,,,,,,
15,https://www.4zida.rs/izdavanje-stanova/adamovicevo-naselje-gradske-lokacije-novi-sad/trosoban-stan/64d5f1c46b8963ef7a0b78ff,"Trosoban stan za izdavanje, Adamovićevo Naselje, 900€, 75m² - 4zida",2023-08-11,Stan u zgradi ,75 m² ,3 sobe ,centralno grejanje ,uobičajeno stanje ,,5. sprat ,ima lift (1) ,terasa ,,9100574 ,pre 7 sati ,900,Adamovićevo Naselje,"Adamovićevo Naselje, Gradske lokacije, Novi Sad",,,,,,,,,,,,,,,,,
16,https://www.4zida.rs/izdavanje-stanova/centar-gradske-lokacije-krusevac/dvosoban-stan/64d5078d6235dab3280436d1,"Dvosoban stan za izdavanje, Kumanovska 6, 230€, 60m² - 4zida",2023-08-11,Stan u kući ,60 m² ,2 sobe ,TA peć ,,,1/1 sprat ,,"dvorište, podrum, terasa ","TV, centralna klima, veš mašina, kuhinjski elementi, frižider, rerna, šporet, ležaj, plakar ",,pre 23 sati ,230,Kumanovska 6,"Centar, Gradske lokacije, Kruševac",,"kupatilo, kuhinja ",namešteno ,,useljivo ,obavezan depozit ,,Porodice ,,,dvorište ,,,,,,
17,https://www.4zida.rs/izdavanje-stanova/durlan-pantelej-gradske-lokacije-nis/garsonjera/64d645322bd0cd5afc05cae6,"Garsonjera za izdavanje, Knjaževačka, 360€, 30m² - 4zida",2023-08-11,,30 m² ,0.5 soba ,etažno grejanje ,,,2. sprat ,,terasa ,"kablovska, internet, klima ",i,pre 1 sat ,360,Knjaževačka,"Durlan, Pantelej, Gradske lokacije, Niš",,kupatilo ,namešteno ,,,,,,,1 parking mesto ,,,,,,,
18,https://www.4zida.rs/izdavanje-stanova/beograd-centar-stari-grad-opstina-beograd/trosoban-stan/64d519795220993d9e0444cc,"Trosoban stan za izdavanje, Kralja Petra, 850€, 79m² - 4zida",2023-08-11,Stan u zgradi ,79 m² ,3 sobe ,centralno grejanje ,,,2/8 spratova ,ima lift (1) ,terasa ,,31043 ,pre 23 sati ,850,Kralja Petra,"Beograd centar, Stari Grad opština, Beograd",,,namešteno ,uknjiženo ,useljivo ,,,,,,,,,,,,
19,https://www.4zida.rs/izdavanje-stanova/bezanijska-kosa-3-bezanijska-kosa-novi-beograd-beograd/trosoban-stan/64d50d7f50daaa73e80fe69d,"Trosoban stan za izdavanje, Srđana Aleksića, 700€, 86m² - 4zida",2023-08-11,Stan u zgradi ,86 m² ,3 sobe ,centralno grejanje ,uobičajeno stanje ,,6. sprat ,ima lift (1) ,"terasa, lođa ",klima ,100953 ,pre 23 sati ,700,Srđana Aleksića,"Bežanijska kosa 3, Bežanijska kosa, Novi Beograd, Beograd",,,polunamešteno ,uknjiženo ,useljivo ,,,,,1 parking mesto ,,,,,,,
20,https://www.4zida.rs/izdavanje-stanova/djeram-zvezdara-opstina-beograd/jednoiposoban-stan/64d61230af6dec52bd0545ce,"Jednoiposoban stan za izdavanje, Jedrenska, 600€, 40m² - 4zida",2023-08-11,Stan u zgradi ,40 m² ,1.5 soba ,centralno grejanje ,novo ,2020,4/6 spratova ,ima lift (1) ,terasa ,klima ,4594 ,pre 5 sati ,600,Jedrenska,"Đeram, Zvezdara opština, Beograd",1 garažno mesto ,,namešteno ,,,"obavezan depozit, 600",01.09.2023 ,,,,,,,,,,
21,https://www.4zida.rs/izdavanje-stanova/fon-vozdovac-vozdovac-vozdovac-opstina-beograd/dvosoban-stan/64d61b41c063f7907500dd53,"Dvosoban stan za izdavanje, FON - Voždovac, 750€, 65m² - 4zida",2023-08-11,Stan u zgradi ,65 m² ,2 sobe ,centralno grejanje ,novo ,,visoko prizemlje/4 sprata ,ima lift (1) ,terasa ,"kablovska, internet, interfon, klima ",1594 ,pre 4 sata ,750,FON - Voždovac,"FON - Voždovac, Voždovac, Voždovac opština, Beograd",,,namešteno ,,useljivo ,,,,,,,,,,,,
22,https://www.4zida.rs/izdavanje-stanova/fon-vozdovac-vozdovac-vozdovac-opstina-beograd/dvosoban-stan/64d40ee562aaf69940059c22,"Izdavanje stanova FON - Voždovac, Voždovac, Voždovac opština, Beograd - 4zida",2023-08-11,,,,,,,,,,,,,,,,,,,,,,,,,,,,,,,,
23,https://www.4zida.rs/izdavanje-stanova/kalemegdan-stari-grad-opstina-beograd/trosoban-stan/64d50c4d50daaa73e80fe677,"Trosoban stan za izdavanje, Strahinjića Bana, 1.200€, 78m² - 4zida",2023-08-11,,78 m² ,3 sobe ,centralno grejanje ,renovirano ,,2/4 sprata ,,,telefon ,5881 ,pre 23 sati ,1.200,Strahinjića Bana,"Kalemegdan, Stari Grad opština, Beograd",,kupatilo ,namešteno ,,,,,,,,,,,,,,
24,https://www.4zida.rs/izdavanje-stanova/altina-zemun-zemun-opstina-beograd/dvoiposoban-stan/64d5f0096b8963ef7a0b78b5,"Dvoiposoban stan za izdavanje, Altina, 650€, 65m² - 4zida",2023-08-11,Stan u zgradi ,65 m² ,2.5 soba ,grejanje na struju ,novo ,,,,,"kablovska, internet, interfon, TV, klima, veš mašina, frižider, šporet, ležaj ",1394 ,pre 7 sati ,650,Altina,"Altina, Zemun, Zemun opština, Beograd",,kuhinja ,prazno ,uknjiženo ,useljivo ,,,,,1 parking mesto ,,,,,,,
25,https://www.4zida.rs/izdavanje-stanova/novi-sad-centar-stari-grad-gradske-lokacije-novi-sad/jednoiposoban-stan/64d5026af94efb91ac09b1a9,"Jednoiposoban stan za izdavanje, Novi Sad - Centar, 300€, 44m² - 4zida",2023-08-11,,44 m² ,1.5 soba ,centralno grejanje ,uobičajeno stanje ,,2/4 sprata ,,terasa ,klima ,44107 ,pre 1 dan ,300,Novi Sad - Centar,"Novi Sad - Centar, Stari Grad, Gradske lokacije, Novi Sad",,,namešteno ,uknjiženo ,useljivo ,,,,,,,,,,,,
26,https://www.4zida.rs/izdavanje-stanova/dedinje-savski-venac-beograd/cetvorosoban-stan/64cbc8c786c6329c660d782e,"Četvorosoban stan za izdavanje, DEDINJE, 2.200€, 120m² - 4zida",2023-08-11,Stan u zgradi ,120 m² ,4 sobe ,centralno grejanje ,novo ,,,ima lift (1) ,"dvorište, alarm, terasa ","klima, ugradni plakar ",,pre 1 dan ,2.200,DEDINJE,"Dedinje, Savski Venac, Beograd",1 garažno mesto ,"kupatila (2), toalet ",namešteno ,,useljivo ,obavezan depozit ,,,Da ,,,,,,,,
27,https://www.4zida.rs/izdavanje-stanova/centar-gradske-lokacije-kragujevac/jednoiposoban-stan/64d644f20b92a9334e0ff552,"Jednoiposoban stan za izdavanje, Centar, 170€, 43m² - 4zida",2023-08-11,Stan u zgradi ,43 m² ,1.5 soba ,TA peć ,,,,,terasa ,klima ,,pre 1 sat ,170,Centar,"Centar, Gradske lokacije, Kragujevac",,ostava ,namešteno ,,,obavezan depozit ,01.09.2023 ,,,,,,,,,,
28,https://www.4zida.rs/izdavanje-stanova/zeleznicka-stanica-banatic-gradske-lokacije-novi-sad/trosoban-stan/64d645d62bd0cd5afc05cb0e,"Trosoban stan za izdavanje, Železnička stanica, 500€, 64m² - 4zida",2023-08-11,Stan u zgradi ,64 m² ,3 sobe ,centralno grejanje ,uobičajeno stanje ,,2. sprat ,,terasa ,,9100576 ,pre 1 sat ,500,Železnička stanica,"Železnička stanica, Banatić, Gradske lokacije, Novi Sad",,,,,,,,,,,,,,,,,
29,https://www.4zida.rs/izdavanje-stanova/uciteljsko-naselje-zvezdara-opstina-beograd/dvosoban-stan/64d637830a50583e1a08c16c,"Dvosoban stan za izdavanje, Svetog Klimenta, 400€, 45m² - 4zida",2023-08-11,,45 m² ,2 sobe ,grejanje na struju ,,,,,podrum ,telefon ,2146 ,pre 2 sata ,400,Svetog Klimenta,"Učiteljsko Naselje, Zvezdara opština, Beograd",1 garažno mesto ,kupatilo ,namešteno ,uknjiženo ,,,,,,,,,,,,,
30,https://www.4zida.rs/izdavanje-stanova/bulevar-patrijarha-pavla-somborski-bulevar-telep-gradske-lokacije-novi-sad/dvosoban-stan/64d616fac063f7907500dc5b,"Dvosoban stan za izdavanje, Bulevar Patrijarha Pavla (Somborski Bulevar), 400€, 42m² - 4zida",2023-08-11,Stan u zgradi ,42 m² ,2 sobe ,centralno grejanje ,uobičajeno stanje ,,3. sprat ,ima lift (1) ,terasa ,kablovska ,9110796 ,pre 5 sati ,400,Bulevar Patrijarha Pavla (Somborski Bulevar),"Bulevar Patrijarha Pavla (Somborski Bulevar), Telep, Gradske lokacije, Novi Sad",,,,,,,,,,,,,,,,,
31,https://www.4zida.rs/izdavanje-stanova/blok-65-west-65-novi-beograd-beograd/dvoiposoban-stan/64d3cd08d5161b906f08b4be,"Dvoiposoban stan za izdavanje, Omladinskih brigada, 1.500€, 61m² - 4zida",2023-08-11,,61 m² ,2.5 soba ,centralno grejanje ,novo ,,1/6 spratova ,ima lift (1) ,lođa ,telefon ,4321 ,pre 2 sata ,1.500,Omladinskih brigada,"Blok 65 - WEST 65, Novi Beograd, Beograd",1 garažno mesto ,kupatilo ,namešteno ,,,,,,,,,,,,,,
32,https://www.4zida.rs/izdavanje-stanova/bulevar-dr-zorana-djindjica-medijana-gradske-lokacije-nis/jednosoban-stan/64d5fb334c695843410a3f61,"Jednosoban stan za izdavanje, Bulevar Dr Zorana Đinđića, 250€, 34m² - 4zida",2023-08-11,Stan u zgradi ,34 m² ,1 soba ,centralno grejanje ,renovirano ,,5/10 spratova ,ima lift (2) ,,"TV, klima, veš mašina, kuhinjski elementi, ležaj, plakar ",500041006,pre 6 sati ,250,Bulevar Dr Zorana Đinđića,"Bulevar Dr Zorana Đinđića, Medijana, Gradske lokacije, Niš",,"kupatilo, kuhinja ",namešteno ,u procesu uknjižavanja ,useljivo ,obavezan depozit ,,"Radnike, Studente ",Ne ,,,Da ,,,,,
33,https://www.4zida.rs/izdavanje-stanova/blok-63-bezanijski-blokovi-novi-beograd-beograd/dvosoban-stan/64d50b2a50daaa73e80fe633,"Dvosoban stan za izdavanje, Blok 63, 600€, 51m² - 4zida",2023-08-11,,51 m² ,2 sobe ,centralno grejanje ,novo ,,2. sprat ,ima lift (1) ,terasa ,"telefon, kablovska, internet, klima ",29192 ,pre 1 dan ,600,Blok 63,"Blok 63, Bežanijski Blokovi, Novi Beograd, Beograd",,,namešteno ,uknjiženo ,useljivo ,,,,,,,,,,,,
34,https://www.4zida.rs/izdavanje-stanova/dorcol-stari-grad-opstina-beograd/trosoban-stan/64d61675c063f7907500dc3f,"Trosoban stan za izdavanje, Kralja Petra, 1.500€, 62m² - 4zida",2023-08-11,,62 m² ,3 sobe ,centralno grejanje ,uobičajeno stanje ,,3/8 spratova ,ima lift (1) ,,klima ,20811 ,pre 5 sati ,1.500,Kralja Petra,"Dorćol, Stari Grad opština, Beograd",,,namešteno ,uknjiženo ,useljivo ,,,,,,,,,,,,
35,https://www.4zida.rs/izdavanje-stanova/aqua-park-gradske-lokacije-jagodina/jednoiposoban-stan/64d6281ae69fd7ad5c05c185,"Jednoiposoban stan za izdavanje, Aqua Park, 250€, 40m² - 4zida",2023-08-11,Stan u zgradi ,40 m² ,1.5 soba ,grejanje na gas ,novo ,,1/7 spratova ,ima lift (1) ,,"TV, klima, veš mašina, frižider, šporet, ležaj ",7320 ,pre 3 sata ,250,Aqua Park,"Aqua Park, Gradske lokacije, Jagodina",,kuhinja ,namešteno ,,,,,,,,,,,,,,
36,https://www.4zida.rs/izdavanje-stanova/grbavica-gradske-lokacije-novi-sad/dvosoban-stan/64d61bb0c063f7907500dd76,"Dvosoban stan za izdavanje, Grbavica, 450€, 38m² - 4zida",2023-08-11,Stan u zgradi ,38 m² ,2 sobe ,centralno grejanje ,uobičajeno stanje ,,1. sprat ,,terasa ,,9100573 ,pre 4 sata ,450,Grbavica,"Grbavica, Gradske lokacije, Novi Sad",,,,,,,,,,,,,,,,,
37,https://www.4zida.rs/izdavanje-stanova/gornji-dorcol-dorcol-stari-grad-opstina-beograd/jednosoban-stan/64d637710a50583e1a08c162,"Jednosoban stan za izdavanje, Gospodar Jovanova, 460€, 30m² - 4zida",2023-08-11,,30 m² ,1 soba ,etažno grejanje ,uobičajeno stanje ,,2/5 spratova ,,terasa ,"telefon, kablovska, internet, interfon ",1581 ,pre 2 sata ,460,Gospodar Jovanova,"Gornji Dorćol, Dorćol, Stari Grad opština, Beograd",,kupatilo ,namešteno ,,useljivo ,,,,,,,,,,,,
38,https://www.4zida.rs/izdavanje-stanova/lion-zvezdara-opstina-beograd/petosoban-stan/64d518f05220993d9e044491,"Petosoban stan za izdavanje, Silvija Kranjčevića, 2.700€, 172m² - 4zida",2023-08-11,Stan u zgradi ,172 m² ,5 soba ,centralno grejanje ,,1938,1/2 sprata ,,lođa ,interfon ,20540 ,pre 23 sati ,2.700,Silvija Kranjčevića,"Lion, Zvezdara opština, Beograd",1 garažno mesto ,,namešteno ,,,,,,,,,,,,,,
39,https://www.4zida.rs/izdavanje-stanova/juzni-bulevar-vracar-beograd/dvoiposoban-stan/64d5605849fdff30ca07f2ec,"Dvoiposoban stan za izdavanje, Bulevar Oslobođenja, 600€, 50m² - 4zida",2023-08-11,,50 m² ,2.5 soba ,etažno grejanje ,,,5/6 spratova ,ima lift (1) ,,"telefon, kablovska, internet, klima ",53974 ,pre 18 sati ,600,Bulevar Oslobođenja,"Južni Bulevar, Vračar, Beograd",,kupatilo ,namešteno ,,,,,,,,,,,,,,
40,https://www.4zida.rs/izdavanje-stanova/novi-sad-centar-stari-grad-gradske-lokacije-novi-sad/dvosoban-stan/64d5026bf94efb91ac09b1ac,"Dvosoban stan za izdavanje, Novi Sad - Centar, 400€, 62m² - 4zida",2023-08-11,,62 m² ,2 sobe ,centralno grejanje ,uobičajeno stanje ,,2/5 spratova ,,terasa ,klima ,44106 ,pre 1 dan ,400,Novi Sad - Centar,"Novi Sad - Centar, Stari Grad, Gradske lokacije, Novi Sad",,,namešteno ,uknjiženo ,useljivo ,,,,,,,,,,,,
41,https://www.4zida.rs/izdavanje-stanova/pantelej-gradske-lokacije-nis/dvosoban-stan/64d643752bd0cd5afc05ca6d,"Dvosoban stan za izdavanje, Vukašina Mrnjavčevića, 400€, 68m² - 4zida",2023-08-11,,68 m² ,2 sobe ,grejanje na struju ,,,prizemlje ,,terasa ,interfon ,i,pre 1 sat ,400,Vukašina Mrnjavčevića,"Pantelej, Gradske lokacije, Niš",1 garažno mesto ,toalet ,namešteno ,,,,,,,,,,,,,,
42,https://www.4zida.rs/izdavanje-stanova/novi-sad-centar-stari-grad-gradske-lokacije-novi-sad/garsonjera/64d62508a73bab84010dbe25,"Garsonjera za izdavanje, Novi Sad - Centar, 250€, 21m² - 4zida",2023-08-11,Stan u zgradi ,21 m² ,0.5 soba ,centralno grejanje ,uobičajeno stanje ,,,,terasa ,kablovska ,9108393 ,pre 4 sata ,250,Novi Sad - Centar,"Novi Sad - Centar, Stari Grad, Gradske lokacije, Novi Sad",,,,,,,,,,,,,,,,,
43,https://www.4zida.rs/izdavanje-stanova/beograd-centar-stari-grad-opstina-beograd/dvoiposoban-stan/64d6240ba73bab84010dbddc,"Dvoiposoban stan za izdavanje, Dalmatinska, 550€, 48m² - 4zida",2023-08-11,Stan u zgradi ,48 m² ,2.5 soba ,TA peć ,,,,,podrum ,,5703 ,pre 4 sata ,550,Dalmatinska,"Beograd centar, Stari Grad opština, Beograd",,kuhinja ,,uknjiženo ,,,,,,,,,,,,,
44,https://www.4zida.rs/izdavanje-stanova/siva-stena-vozdovac-opstina-beograd/dvosoban-stan/64d5cff278ede6df600643d9,"Dvosoban stan za izdavanje, Aleksandra Stambolijskog, 1.000€, 72m² - 4zida",2023-08-11,Stan u zgradi ,72 m² ,2 sobe ,etažno grejanje ,,,visoko prizemlje ,,terasa ,,85518 ,pre 10 sati ,1.000,Aleksandra Stambolijskog,"Siva Stena, Voždovac opština, Beograd",,,,uknjiženo ,useljivo ,,,,,,,,,,,,
45,https://www.4zida.rs/izdavanje-stanova/novi-sad-centar-stari-grad-gradske-lokacije-novi-sad/dvosoban-stan/64d4fc8d86586881f602617d,"Dvosoban stan za izdavanje, Svetozara Miletića, 350€, 48m² - 4zida",2023-08-11,Stan u zgradi ,48 m² ,2 sobe ,centralno grejanje ,,,1/2 sprata ,,,"klima, kuhinjski elementi ",i,pre 7 sati ,350,Svetozara Miletića,"Novi Sad - Centar, Stari Grad, Gradske lokacije, Novi Sad",,kuhinja ,prazno ,uknjiženo ,,"obavezan depozit, 300",01.09.2023 ,,Da ,,,,,,,,
46,https://www.4zida.rs/izdavanje-stanova/novi-sad-centar-stari-grad-gradske-lokacije-novi-sad/garsonjera/64d5015af94efb91ac09b18a,"Garsonjera za izdavanje, Novi Sad - Centar, 300€, 22m² - 4zida",2023-08-11,Stan u zgradi ,22 m² ,0.5 soba ,grejanje na struju ,uobičajeno stanje ,,,ima lift (1) ,,kablovska ,9107175 ,pre 1 dan ,300,Novi Sad - Centar,"Novi Sad - Centar, Stari Grad, Gradske lokacije, Novi Sad",,,,,,,,,,,,,,,,,
47,https://www.4zida.rs/izdavanje-stanova/visnjica-palilula-opstina-beograd/trosoban-stan/64d54473705d3c1de50620b1,"Trosoban stan za izdavanje, Uroša Marovića, 350€, 77m² - 4zida",2023-08-11,,77 m² ,3 sobe ,etažno grejanje ,uobičajeno stanje ,,1/2 sprata ,,terasa ,"telefon, internet, interfon, klima ",7907 ,pre 20 sati ,350,Uroša Marovića,"Višnjica, Palilula opština, Beograd",,kupatilo ,namešteno ,,,,,,,1 parking mesto ,,,,,,,
48,https://www.4zida.rs/izdavanje-stanova/beograd-na-vodi-savski-venac-beograd/trosoban-stan/64d50b2850daaa73e80fe621,"Trosoban stan za izdavanje, Beograd na vodi, 2.300€, 88m² - 4zida",2023-08-11,,88 m² ,3 sobe ,centralno grejanje ,novo ,,5. sprat ,ima lift (1) ,terasa ,"telefon, kablovska, internet, klima ",47643 ,pre 1 dan ,2.300,Beograd na vodi,"Beograd na vodi, Savski Venac, Beograd",1 garažno mesto ,,namešteno ,uknjiženo ,useljivo ,,,,,,,,,,,,
49,https://www.4zida.rs/izdavanje-stanova/jodna-banja-sajmiste-gradske-lokacije-novi-sad/trosoban-stan/64d60c63b3a1f3dc84038eea,"Trosoban stan za izdavanje, Kosančić Ivana, 770€, 89m² - 4zida",2023-08-11,Stan u zgradi ,89 m² ,3 sobe ,centralno grejanje ,,2010,4/8 spratova ,ima lift (1) ,lođa ,"TV, klima, veš mašina, kuhinjski elementi, sudo mašina, frižider, zamrzivač, mikrotalasna rerna, rerna, šporet, ležaj, plakar ",,pre 5 sati ,770,Kosančić Ivana,"Jodna Banja, Sajmište, Gradske lokacije, Novi Sad",1 garažno mesto ,"kupatila (2), toaleti (2), kuhinja ",namešteno ,,useljivo ,"obavezan depozit, 770",,Porodice ,Da ,1 parking mesto ,,Da ,Kablovska ,17500 ,,,
50,https://www.4zida.rs/izdavanje-stanova/blok-44-tc-piramida-novi-beograd-beograd/trosoban-stan/64d4efecbaece028f205c346,"Trosoban stan za izdavanje, Gandijeva, 650€, 75m² - 4zida",2023-08-11,,75 m² ,3 sobe ,centralno grejanje ,,,6/8 spratova ,ima lift (1) ,terasa ,"telefon, kablovska, internet, klima ",53967 ,pre 1 dan ,650,Gandijeva,"Blok 44 TC Piramida, Novi Beograd, Beograd",,kupatilo ,namešteno ,,,,,,,,,,,,,,
51,https://www.4zida.rs/izdavanje-stanova/olimp-zvezdara-opstina-beograd/trosoban-stan/64d50e9350daaa73e80fe6fc,"Trosoban stan za izdavanje, Nevenke Urbanove, 1.300€, 120m² - 4zida",2023-08-11,,120 m² ,3 sobe ,centralno grejanje ,,,1/2 sprata ,,terasa ,"telefon, kablovska, internet, interfon, klima ",4006 ,pre 23 sati ,1.300,Nevenke Urbanove,"Olimp, Zvezdara opština, Beograd",1 garažno mesto ,kupatilo ,namešteno ,,,,,,,1 parking mesto ,,,,,,,
52,https://www.4zida.rs/izdavanje-stanova/novi-sad-centar-stari-grad-gradske-lokacije-novi-sad/jednoiposoban-stan/64d645e14e7840cf900f9a02,"Jednoiposoban stan za izdavanje, Zmaj Jovina, 450€, 40m² - 4zida",2023-08-11,Stan u zgradi ,40 m² ,1.5 soba ,centralno grejanje ,novo ,,,ima lift (1) ,terasa ,"TV, klima, veš mašina, kuhinjski elementi, frižider, rerna, šporet, ugradni plakar ",,pre 1 sat ,450,Zmaj Jovina,"Novi Sad - Centar, Stari Grad, Gradske lokacije, Novi Sad",,"kupatilo, kuhinja ",namešteno ,,useljivo ,"obavezan depozit, 450",,"Radnike, Porodice, Studente ",Ne ,,,,,,,,
53,https://www.4zida.rs/izdavanje-stanova/tasmajdan-palilula-palilula-opstina-beograd/dvosoban-stan/64d57c67bc9d41137d0330ce,"Dvosoban stan za izdavanje, Cvijiceva, 700€, 50m² - 4zida",2023-08-11,,50 m² ,2 sobe ,centralno grejanje ,,,8/9 spratova ,ima lift (1) ,terasa ,"telefon, kablovska, internet, klima ",53981 ,pre 16 sati ,700,Cvijiceva,"Tašmajdan, Palilula, Palilula opština, Beograd",,kupatilo ,namešteno ,,,,,,,,,,,,,,
54,https://www.4zida.rs/izdavanje-stanova/podbara-gradske-lokacije-novi-sad/jednoiposoban-stan/64d501717048aba4070b483c,"Jednoiposoban stan za izdavanje, Save Vukosavljeva, 360€, 45m² - 4zida",2023-08-11,Stan u zgradi ,45 m² ,1.5 soba ,centralno grejanje ,,,1/3 sprata ,,terasa ,"TV, klima, veš mašina, kuhinjski elementi, frižider, zamrzivač, rerna, šporet, ležaj, plakar, ugradni plakar ",i,pre 1 dan ,360,Save Vukosavljeva,"Podbara, Gradske lokacije, Novi Sad",,kuhinja ,namešteno ,uknjiženo ,useljivo ,"obavezan depozit, 360",,,,,,,,,,,
55,https://www.4zida.rs/izdavanje-stanova/savski-trg-savamala-savski-venac-beograd/jednosoban-stan/64d5569489412a44800c9b86,"Jednosoban stan za izdavanje, GAVRILA PRINCIPA 48, 450€, 41m² - 4zida",2023-08-11,Stan u zgradi ,41 m² ,1 soba ,centralno grejanje ,uobičajeno stanje ,1990,7/7 spratova ,ima lift (1) ,terasa ,"kablovska, TV, klima, veš mašina, kuhinjski elementi, frižider, rerna, ležaj, plakar ",,pre 18 sati ,450,GAVRILA PRINCIPA 48,"Savski Trg, Savamala, Savski Venac, Beograd",,"kupatilo, toalet, kuhinja ",namešteno ,,useljivo ,"obavezan depozit, 450",,Studente ,Da ,,ulicu ,Da ,Kablovska ,,,,
56,https://www.4zida.rs/izdavanje-stanova/slavujev-venac-zvezdara-opstina-beograd/jednoiposoban-stan/64d50b2150daaa73e80fe600,"Jednoiposoban stan za izdavanje, Slavujev Venac, 500€, 38m² - 4zida",2023-08-11,,38 m² ,1.5 soba ,centralno grejanje ,renovirano ,,prizemlje ,,,"telefon, kablovska, internet, klima ",47635 ,pre 6 sati ,500,Slavujev Venac,"Slavujev Venac, Zvezdara opština, Beograd",,,namešteno ,uknjiženo ,useljivo ,,,,,,,,,,,,
57,https://www.4zida.rs/izdavanje-stanova/grbavica-gradske-lokacije-novi-sad/jednoiposoban-stan/60c34bc773cfc3767c5a38b4,"Jednoiposoban stan za izdavanje, Braće Ribnikar 17, 450€, 45m² - 4zida",2023-08-11,Stan u zgradi ,45 m² ,1.5 soba ,centralno grejanje ,novo ,,3/6 spratova ,ima lift (1) ,terasa ,"kablovska, internet, TV, klima, veš mašina, frižider, zamrzivač, rerna, ležaj, plakar ",,pre 4 sata ,450,Braće Ribnikar 17,"Grbavica, Gradske lokacije, Novi Sad",,kupatilo ,namešteno ,,,"obavezan depozit, 450",,,,,,,,,,,
58,https://www.4zida.rs/izdavanje-stanova/mostarska-petlja-savski-venac-beograd/dvosoban-stan/64d5f45a961dc70cbf0c4e34,"Dvosoban stan za izdavanje, Mostarska Petlja, 800€, 60m² - 4zida",2023-08-11,Stan u kući ,60 m² ,2 sobe ,norveški radijatori ,novo ,2010,2/2 sprata ,,terasa ,"klima, veš mašina, kuhinjski elementi, frižider, rerna, šporet, ležaj, plakar ",,pre 7 sati ,800,Mostarska Petlja,"Mostarska Petlja, Savski Venac, Beograd",,"kupatilo, toalet, kuhinja, ostava ",namešteno ,,useljivo ,"obavezan depozit, 800",,,Da ,,"ulicu, dvorište ",Da ,Kablovska ,4000 ,,,
59,https://www.4zida.rs/izdavanje-stanova/durlan-pantelej-gradske-lokacije-nis/dvoiposoban-stan/64d6370f0a50583e1a08c11f,"Dvoiposoban stan za izdavanje, Knjazevačka, 350€, 53m² - 4zida",2023-08-11,,53 m² ,2.5 soba ,,,,prizemlje ,,,interfon ,i,pre 2 sata ,350,Knjazevačka,"Durlan, Pantelej, Gradske lokacije, Niš",1 garažno mesto ,"kupatilo, toalet ",namešteno ,,,,,,,,,,,,,,
60,https://www.4zida.rs/izdavanje-stanova/bubanj-centar-gradske-lokacije-kragujevac/jednosoban-stan/64d634c40a50583e1a08c091,"Jednosoban stan za izdavanje, Bubanj, 200€, 35m² - 4zida",2023-08-11,,35 m² ,1 soba ,grejanje na gas ,novo ,2017,3. sprat ,,terasa ,"kablovska, internet ",1151 ,pre 1 sat ,200,Bubanj,"Bubanj, Centar, Gradske lokacije, Kragujevac",,kupatilo ,namešteno ,nije uknjiženo ,,,,,,,,,,,,,
61,https://www.4zida.rs/izdavanje-stanova/grbavica-gradske-lokacije-novi-sad/jednoiposoban-stan/64d6250aa73bab84010dbe28,"Jednoiposoban stan za izdavanje, Grbavica, 300€, 41m² - 4zida",2023-08-11,Stan u zgradi ,41 m² ,1.5 soba ,centralno grejanje ,uobičajeno stanje ,,1. sprat ,ima lift (1) ,terasa ,kablovska ,9115970 ,pre 4 sata ,300,Grbavica,"Grbavica, Gradske lokacije, Novi Sad",,,,,,,,,,,,,,,,,
62,https://www.4zida.rs/izdavanje-stanova/mirijevo-zvezdara-opstina-beograd/jednosoban-stan/64d57becbc9d41137d0330ba,"Jednosoban stan za izdavanje, Dušana Radovića, 450€, 39m² - 4zida",2023-08-11,,39 m² ,1 soba ,grejanje na gas ,,,3/3 sprata ,,terasa ,"telefon, interfon, klima ",1387 ,pre 16 sati ,450,Dušana Radovića,"Mirijevo, Zvezdara opština, Beograd",1 garažno mesto ,kupatilo ,namešteno ,,,,,,,,,,,,,,
63,https://www.4zida.rs/izdavanje-stanova/telep-gradske-lokacije-novi-sad/garsonjera/64d4e994b0a10ca93303ee25,"Garsonjera za izdavanje, Bolmanska, 300€, 26m² - 4zida",2023-08-11,Stan u zgradi ,26 m² ,0.5 soba ,podno grejanje ,novo ,,1/5 spratova ,ima lift (1) ,terasa ,"TV, klima, veš mašina, kuhinjski elementi, frižider, zamrzivač, mikrotalasna rerna, rerna, šporet, ležaj, plakar, ugradni plakar ",i,pre 7 sati ,300,Bolmanska,"Telep, Gradske lokacije, Novi Sad",,"kuhinja, ostava ",namešteno ,uknjiženo ,useljivo ,"obavezan depozit, 300",,,,,,,Optički ,,,,
64,https://www.4zida.rs/izdavanje-stanova/dedinje-savski-venac-beograd/troiposoban-stan/64d50b2250daaa73e80fe606,"Troiposoban stan za izdavanje, Dedinje, 1.900€, 106m² - 4zida",2023-08-11,,106 m² ,3.5 soba ,grejanje na gas ,renovirano ,,1. sprat ,,terasa ,"telefon, kablovska, internet, klima ",47630 ,pre 1 dan ,1.900,Dedinje,"Dedinje, Savski Venac, Beograd",1 garažno mesto ,,prazno ,uknjiženo ,useljivo ,,,,,,,,,,,,
65,https://www.4zida.rs/izdavanje-stanova/pantelej-gradske-lokacije-nis/jednoiposoban-stan/64d6439c2bd0cd5afc05ca7c,"Jednoiposoban stan za izdavanje, Studenička, 250€, 45m² - 4zida",2023-08-11,,45 m² ,1.5 soba ,,novo ,,4. sprat ,ima lift (1) ,"podrum, terasa ","kablovska, internet, interfon ",4189 ,pre 1 sat ,250,Studenička,"Pantelej, Gradske lokacije, Niš",,,namešteno ,,,,,,,,,,,,,,
66,https://www.4zida.rs/izdavanje-stanova/marger-medijana-gradske-lokacije-nis/trosoban-stan/64d61b02c063f7907500dd1e,"Trosoban stan za izdavanje, Trg 14. oktobra, 300€, 68m² - 4zida",2023-08-11,,68 m² ,3 sobe ,centralno grejanje ,,,1. sprat ,ima lift (1) ,terasa ,interfon ,i,pre 4 sata ,300,Trg 14. oktobra,"Marger, Medijana, Gradske lokacije, Niš",,toalet ,namešteno ,,,,,,,1 parking mesto ,,,,,,,
67,https://www.4zida.rs/izdavanje-stanova/altina-zemun-zemun-opstina-beograd/jednoiposoban-stan/64d5f0076b8963ef7a0b78b2,"Jednoiposoban stan za izdavanje, Altina, 450€, 40m² - 4zida",2023-08-11,Stan u zgradi ,40 m² ,1.5 soba ,grejanje na struju ,novo ,,,,,"kablovska, internet, interfon, TV, klima, veš mašina, frižider, šporet, ležaj ",1393 ,pre 7 sati ,450,Altina,"Altina, Zemun, Zemun opština, Beograd",,kuhinja ,namešteno ,uknjiženo ,useljivo ,,,,,1 parking mesto ,,,,,,,
68,https://www.4zida.rs/izdavanje-stanova/gundulicev-venac-donji-dorcol-dorcol-stari-grad-opstina-beograd/jednosoban-stan/64d5195d5220993d9e0444bf,"Jednosoban stan za izdavanje, Carigradska, 600€, 42m² - 4zida",2023-08-11,,42 m² ,1 soba ,centralno grejanje ,renovirano ,,2/4 sprata ,ima lift (1) ,terasa ,"telefon, kablovska, internet, klima ",20808 ,pre 23 sati ,600,Carigradska,"Gundulićev Venac, Donji Dorćol, Dorćol, Stari Grad opština, Beograd",,,namešteno ,uknjiženo ,useljivo ,,,,,,,,,,,,
69,https://www.4zida.rs/izdavanje-stanova/autokomanda-vozdovac-opstina-beograd/cetvorosoban-stan/64d50b2850daaa73e80fe627,"Četvorosoban stan za izdavanje, Autokomanda, 2.000€, 122m² - 4zida",2023-08-11,,122 m² ,4 sobe ,centralno grejanje ,novo ,,1. sprat ,ima lift (1) ,terasa ,"telefon, kablovska, internet, klima ",44212 ,pre 1 dan ,2.000,Autokomanda,"Autokomanda, Voždovac opština, Beograd",1 garažno mesto ,,namešteno ,uknjiženo ,useljivo ,,,,,,,,,,,,
70,https://www.4zida.rs/izdavanje-stanova/blok-45-novi-beograd-beograd/trosoban-stan/64d6199ef7a47690580ee036,"Trosoban stan za izdavanje, Jurija Gagarina, 1.000€, 95m² - 4zida",2023-08-11,Stan u zgradi ,95 m² ,3 sobe ,centralno grejanje ,renovirano ,,3/12 spratova ,ima lift (2) ,terasa ,klima ,2813 ,pre 4 sata ,1.000,Jurija Gagarina,"Blok 45, Novi Beograd, Beograd",,kupatilo ,namešteno ,,useljivo ,"obavezan depozit, 1.000",,,,,,,,,,,
71,https://www.4zida.rs/izdavanje-stanova/veternicka-rampa-veternik-gradske-lokacije-novi-sad/troiposoban-stan/64d5cec68d022b478a02666a,"Troiposoban stan za izdavanje, DANILA LAZOVIĆA, 700€, 90m² - 4zida",2023-08-11,Stan u zgradi ,90 m² ,3.5 soba ,podno grejanje ,novo ,2020,1/2 sprata ,,terasa ,kablovska ,,pre 10 sati ,700,DANILA LAZOVIĆA,"Veternička Rampa, Veternik, Gradske lokacije, Novi Sad",,"kupatilo, toalet ",prazno ,uknjiženo ,useljivo ,"obavezan depozit, 700",,"Radnike, Porodice ",Ne ,1 parking mesto ,dvorište ,Da ,Optički ,6000 ,jugozapad ,,
72,https://www.4zida.rs/izdavanje-stanova/zvezdara-zvezdara-opstina-beograd/jednoiposoban-stan/64d5466ee0f28670490582b6,"Jednoiposoban stan za izdavanje, Bulevar kralja Aleksandra 515, 500€, 43m² - 4zida",2023-08-11,Stan u zgradi ,43 m² ,1.5 soba ,norveški radijatori ,novo ,2020,1/5 spratova ,ima lift (1) ,terasa ,"TV, klima, veš mašina, kuhinjski elementi, frižider, mikrotalasna rerna, rerna ",,pre 19 sati ,500,Bulevar kralja Aleksandra 515,"Zvezdara, Zvezdara opština, Beograd",,"kupatilo, kuhinja ",namešteno ,uknjiženo ,useljivo ,"obavezan depozit, 500",,,Ne ,,,,,,,,
73,https://www.4zida.rs/izdavanje-stanova/centar-gradske-lokacije-kragujevac/dvosoban-stan/64d4f167baece028f205c393,"Dvosoban stan za izdavanje, Centar, 300€, 58m² - 4zida",2023-08-11,,58 m² ,2 sobe ,grejanje na gas ,uobičajeno stanje ,2010,1/5 spratova ,,terasa ,interfon ,2885 ,pre 1 dan ,300,Centar,"Centar, Gradske lokacije, Kragujevac",,kupatilo ,namešteno ,nije uknjiženo ,,,,,,,,,,,,,
74,https://www.4zida.rs/izdavanje-stanova/sajmiste-gradske-lokacije-novi-sad/dvosoban-stan/64d5fe5ea27c1c1c37038699,"Dvosoban stan za izdavanje, Sajmište, 450€, 44m² - 4zida",2023-08-11,Stan u zgradi ,44 m² ,2 sobe ,grejanje na gas ,uobičajeno stanje ,1996,2. sprat ,ima lift (1) ,,,9104392 ,pre 6 sati ,450,Sajmište,"Sajmište, Gradske lokacije, Novi Sad",,,,,,,,,,,,,,,,,
75,https://www.4zida.rs/izdavanje-stanova/slavija-vracar-beograd/trosoban-stan/64d6293fe69fd7ad5c05c1d6,"Trosoban stan za izdavanje, Svetozara Markovića, 1.700€, 110m² - 4zida",2023-08-11,Stan u zgradi ,110 m² ,3 sobe ,centralno grejanje ,novo ,,3/7 spratova ,ima lift (1) ,terasa ,"kablovska, internet, interfon, TV, klima, veš mašina, frižider, šporet, ležaj, Kanalizacija ",1730 ,pre 3 sata ,1.700,Svetozara Markovića,"Slavija, Vračar, Beograd",1 garažno mesto ,kuhinja ,namešteno ,uknjiženo ,useljivo ,,,,,,,,,,,,
76,https://www.4zida.rs/izdavanje-stanova/krunski-venac-vracar-beograd/dvosoban-stan/64d5605949fdff30ca07f2f2,"Dvosoban stan za izdavanje, Njegoseva, 600€, 50m² - 4zida",2023-08-11,,50 m² ,2 sobe ,centralno grejanje ,,,6/10 spratova ,ima lift (1) ,terasa ,"telefon, kablovska, internet, klima ",53976 ,pre 18 sati ,600,Njegoseva,"Krunski Venac, Vračar, Beograd",,kupatilo ,namešteno ,,,,,,,,,,,,,,
77,https://www.4zida.rs/izdavanje-stanova/fakultet-zastite-na-radu-palilula-gradske-lokacije-nis/dvosoban-stan/62974390c0a96d311f0aebb8,"Dvosoban stan za izdavanje, Fakultet Zaštite na radu, 250€, 35m² - 4zida",2023-08-11,Stan u zgradi ,35 m² ,2 sobe ,grejanje na struju ,,,,,,"kablovska, TV, klima, ležaj ",,pre 4 sata ,250,Fakultet Zaštite na radu,"Fakultet Zaštite na radu, Palilula, Gradske lokacije, Niš",,kupatilo ,namešteno ,,useljivo ,"obavezan depozit, 250",,,,,,,,,,,
78,https://www.4zida.rs/izdavanje-stanova/futoska-gradske-lokacije-novi-sad/troiposoban-stan/64d61c3a697d0d31e00fbe57,"Troiposoban stan za izdavanje, Petra Drapsina, 1.200€, 97m² - 4zida",2023-08-11,Stan u zgradi ,97 m² ,3.5 soba ,centralno grejanje ,,,4/5 spratova ,,terasa ,"kablovska, klima ",,pre 4 sata ,1.200,Petra Drapsina,"Futoška, Gradske lokacije, Novi Sad",,"kupatilo, toalet ",namešteno ,uknjiženo ,,"obavezan depozit, 1.200",,Porodice ,Ne ,,,,Kablovska ,,,,
79,https://www.4zida.rs/izdavanje-stanova/grbavica-gradske-lokacije-novi-sad/jednosoban-stan/64d653b14c6edea1d50682cc,"Jednosoban stan za izdavanje, Grbavica, 450€, 26m² - 4zida",2023-08-11,Stan u zgradi ,26 m² ,1 soba ,centralno grejanje ,novo ,,6. sprat ,ima lift (1) ,terasa ,"TV, klima, veš mašina, sudo mašina, frižider, šporet, ležaj ",2639 ,pre 44 minuta ,450,Grbavica,"Grbavica, Gradske lokacije, Novi Sad",,kuhinja ,namešteno ,,,,,,,,,,,,,,
80,https://www.4zida.rs/izdavanje-stanova/blok-25-arena-novi-beograd-beograd/jednoiposoban-stan/64d57c66bc9d41137d0330cb,"Jednoiposoban stan za izdavanje, Spanskih Boraca, 500€, 40m² - 4zida",2023-08-11,,40 m² ,1.5 soba ,centralno grejanje ,,,4/6 spratova ,ima lift (1) ,terasa ,"telefon, kablovska, internet, klima ",53980 ,pre 16 sati ,500,Spanskih Boraca,"Blok 25 - Arena, Novi Beograd, Beograd",1 garažno mesto ,kupatilo ,prazno ,,,,,,,,,,,,,,
81,https://www.4zida.rs/izdavanje-stanova/durlan-pantelej-gradske-lokacije-nis/garsonjera/64d643812bd0cd5afc05ca70,"Garsonjera za izdavanje, Knjaževačka, 360€, 30m² - 4zida",2023-08-11,,30 m² ,0.5 soba ,etažno grejanje ,,,2. sprat ,,terasa ,"kablovska, internet, klima ",i,pre 1 sat ,360,Knjaževačka,"Durlan, Pantelej, Gradske lokacije, Niš",,kupatilo ,namešteno ,,,,,,,1 parking mesto ,,,,,,,
82,https://www.4zida.rs/izdavanje-stanova/djeram-zvezdara-opstina-beograd/dvoiposoban-stan/64d60846962199ff1b0bd601,"Dvoiposoban stan za izdavanje, Đeram, 750€, 60m² - 4zida",2023-08-11,,60 m² ,2.5 soba ,centralno grejanje ,novo ,,5. sprat ,ima lift (1) ,terasa ,"telefon, klima ",43720 ,pre 6 sati ,750,Đeram,"Đeram, Zvezdara opština, Beograd",,,namešteno ,uknjiženo ,useljivo ,,,,,,,,,,,,
83,https://www.4zida.rs/izdavanje-stanova/grbavica-gradske-lokacije-novi-sad/garsonjera/64d6391b7b8810594305fed8,"Garsonjera za izdavanje, Kolo Srpskih Sestara 12 12, 220€, 25m² - 4zida",2023-08-11,Stan u zgradi ,25 m² ,0.5 soba ,centralno grejanje ,,2000,1/4 sprata ,,dvorište ,"kablovska, TV, klima, veš mašina, frižider, rerna, šporet, plakar ",,pre 2 sata ,220,Kolo Srpskih Sestara 12 12,"Grbavica, Gradske lokacije, Novi Sad",,kuhinja ,namešteno ,uknjiženo ,useljivo ,obavezan depozit ,,"Radnike, Studente ",Ne ,,ulicu ,Ne ,Kablovska ,6000 ,sever ,,
84,https://www.4zida.rs/izdavanje-stanova/rotkvarija-gradske-lokacije-novi-sad/garsonjera/64d5fe65a27c1c1c3703869c,"Garsonjera za izdavanje, Rotkvarija, 280€, 28m² - 4zida",2023-08-11,Stan u zgradi ,28 m² ,0.5 soba ,centralno grejanje ,uobičajeno stanje ,1994,3. sprat ,,terasa ,,9105786 ,pre 6 sati ,280,Rotkvarija,"Rotkvarija, Gradske lokacije, Novi Sad",,,,,,,,,,,,,,,,,
85,https://www.4zida.rs/izdavanje-stanova/banovo-brdo-cukarica-cukarica-opstina-beograd/dvosoban-stan/64d5280d7668fdc3f109a039,"Dvosoban stan za izdavanje, Toše Jovanovića, 400€, 45m² - 4zida",2023-08-11,,45 m² ,2 sobe ,centralno grejanje ,,,3/4 sprata ,,terasa ,"telefon, kablovska, internet, klima ",53970 ,pre 22 sati ,400,Toše Jovanovića,"Banovo Brdo, Čukarica, Čukarica opština, Beograd",,kupatilo ,namešteno ,,,,,,,,,,,,,,
86,https://www.4zida.rs/izdavanje-stanova/novi-sad-centar-stari-grad-gradske-lokacije-novi-sad/garsonjera/64d62949e69fd7ad5c05c1db,"Garsonjera za izdavanje, Novi Sad - Centar, 250€, 21m² - 4zida",2023-08-11,,21 m² ,0.5 soba ,centralno grejanje ,uobičajeno stanje ,,visoko prizemlje/4 sprata ,,terasa ,klima ,44111 ,pre 3 sata ,250,Novi Sad - Centar,"Novi Sad - Centar, Stari Grad, Gradske lokacije, Novi Sad",,,namešteno ,uknjiženo ,useljivo ,,,,,,,,,,,,
87,https://www.4zida.rs/izdavanje-stanova/sajmiste-gradske-lokacije-novi-sad/dvosoban-stan/64d62e8c7358fa7c96041694,"Dvosoban stan za izdavanje, Branimira Ćosića, 450€, 44m² - 4zida",2023-08-11,Stan u zgradi ,44 m² ,2 sobe ,grejanje na gas ,novo ,,2/5 spratova ,,,"TV, klima, veš mašina, kuhinjski elementi, frižider, zamrzivač, rerna, šporet, ležaj, plakar, ugradni plakar ",i,pre 3 sata ,450,Branimira Ćosića,"Sajmište, Gradske lokacije, Novi Sad",,kuhinja ,namešteno ,uknjiženo ,,"obavezan depozit, 450",15.09.2023 ,,,,,,,,,,
88,https://www.4zida.rs/izdavanje-stanova/vozdovac-vozdovac-opstina-beograd/dvosoban-stan/64d50b2350daaa73e80fe609,"Dvosoban stan za izdavanje, Voždovac, 750€, 65m² - 4zida",2023-08-11,,65 m² ,2 sobe ,centralno grejanje ,novo ,,visoko prizemlje ,,terasa ,"telefon, kablovska, internet, klima ",16374 ,pre 1 dan ,750,Voždovac,"Voždovac, Voždovac opština, Beograd",1 garažno mesto ,,namešteno ,uknjiženo ,useljivo ,,,,,,,,,,,,
89,https://www.4zida.rs/izdavanje-stanova/gornji-vozdovac-vozdovac-vozdovac-opstina-beograd/trosoban-stan/64d641682bd0cd5afc05ca19,"Trosoban stan za izdavanje, Kapetana Zavišića, 650€, 60m² - 4zida",2023-08-11,,60 m² ,3 sobe ,centralno grejanje ,renovirano ,,3/3 sprata ,ima lift (1) ,terasa ,"telefon, kablovska, internet, klima ",16537 ,pre 2 sata ,650,Kapetana Zavišića,"Gornji Voždovac, Voždovac, Voždovac opština, Beograd",1 garažno mesto ,kupatilo ,namešteno ,,,,,,,1 parking mesto ,,,,,,,
90,https://www.4zida.rs/izdavanje-stanova/blok-11c-stari-merkator-blok-11-novi-beograd-beograd/dvosoban-stan/64d6091e962199ff1b0bd639,"Dvosoban stan za izdavanje, Radoja Dakica, 750€, 53m² - 4zida",2023-08-11,,53 m² ,2 sobe ,centralno grejanje ,,,3/6 spratova ,ima lift (1) ,terasa ,"telefon, kablovska, internet, klima ",1153983 ,pre 6 sati ,750,Radoja Dakica,"Blok 11c - Stari Merkator, Blok 11, Novi Beograd, Beograd",1 garažno mesto ,kupatilo ,namešteno ,,,,,,,,,,,,,,
91,https://www.4zida.rs/izdavanje-stanova/marger-medijana-gradske-lokacije-nis/trosoban-stan/64d61880c063f7907500dc8e,"Trosoban stan za izdavanje, Trg 14. oktobra, 300€, 68m² - 4zida",2023-08-11,,68 m² ,3 sobe ,centralno grejanje ,,,1. sprat ,ima lift (1) ,terasa ,interfon ,i,pre 4 sata ,300,Trg 14. oktobra,"Marger, Medijana, Gradske lokacije, Niš",,toalet ,namešteno ,,,,,,,1 parking mesto ,,,,,,,
92,https://www.4zida.rs/izdavanje-stanova/dedinje-savski-venac-beograd/trosoban-stan/64d51c5d5220993d9e044526,"Trosoban stan za izdavanje, Velisava Vulovića, 1.350€, 81m² - 4zida",2023-08-11,,81 m² ,3 sobe ,grejanje na gas ,uobičajeno stanje ,,2/4 sprata ,,lođe (2) ,interfon ,8851 ,pre 22 sati ,1.350,Velisava Vulovića,"Dedinje, Savski Venac, Beograd",,,namešteno ,uknjiženo ,useljivo ,,,,,,,,,,,,
93,https://www.4zida.rs/izdavanje-stanova/kalenic-vracar-beograd/dvoiposoban-stan/64d5d7c060acf62ef504408d,"Dvoiposoban stan za izdavanje, Trnska, 700€, 58m² - 4zida",2023-08-11,Stan u zgradi ,58 m² ,2.5 soba ,centralno grejanje ,,,4/7 spratova ,ima lift (1) ,,klima ,,pre 9 sati ,700,Trnska,"Kalenić, Vračar, Beograd",,kupatilo ,polunamešteno ,,,obavezan depozit ,,,Da ,,,,,,,,
94,https://www.4zida.rs/izdavanje-stanova/blok-21-novi-beograd-beograd/jednoiposoban-stan/64d50b2250daaa73e80fe603,"Jednoiposoban stan za izdavanje, Blok 21, 550€, 40m² - 4zida",2023-08-11,,40 m² ,1.5 soba ,centralno grejanje ,renovirano ,,5. sprat ,ima lift (1) ,,"telefon, kablovska, internet, klima ",47632 ,pre 1 dan ,550,Blok 21,"Blok 21, Novi Beograd, Beograd",,,namešteno ,uknjiženo ,useljivo ,,,,,,,,,,,,
95,https://www.4zida.rs/izdavanje-stanova/vozdovac-vozdovac-opstina-beograd/trosoban-stan/64d50b2750daaa73e80fe61b,"Trosoban stan za izdavanje, Voždovac, 370€, 114m² - 4zida",2023-08-11,,114 m² ,3 sobe ,centralno grejanje ,uobičajeno stanje ,,prizemlje ,,terasa ,"telefon, kablovska, internet, klima ",47644 ,pre 1 dan ,370,Voždovac,"Voždovac, Voždovac opština, Beograd",,,polunamešteno ,uknjiženo ,useljivo ,,,,,1 parking mesto ,,,,,,,
96,https://www.4zida.rs/izdavanje-stanova/dorcol-stari-grad-opstina-beograd/jednosoban-stan/64d61674c063f7907500dc3c,"Jednosoban stan za izdavanje, Zmaja od Noćaja, 690€, 35m² - 4zida",2023-08-11,,35 m² ,1 soba ,centralno grejanje ,renovirano ,,6/7 spratova ,ima lift (1) ,terasa ,"telefon, kablovska, internet, klima ",12972 ,pre 5 sati ,690,Zmaja od Noćaja,"Dorćol, Stari Grad opština, Beograd",,,namešteno ,uknjiženo ,useljivo ,,,,,,,,,,,,
97,https://www.4zida.rs/izdavanje-stanova/blok-11c-stari-merkator-blok-11-novi-beograd-beograd/dvosoban-stan/64d6091e962199ff1b0bd636,"Dvosoban stan za izdavanje, Radoja Dakica, 750€, 53m² - 4zida",2023-08-11,,53 m² ,2 sobe ,centralno grejanje ,,,3/6 spratova ,ima lift (1) ,terasa ,"telefon, kablovska, internet, klima ",53983 ,pre 6 sati ,750,Radoja Dakica,"Blok 11c - Stari Merkator, Blok 11, Novi Beograd, Beograd",1 garažno mesto ,kupatilo ,namešteno ,,,,,,,,,,,,,,
98,https://www.4zida.rs/izdavanje-stanova/pantelej-gradske-lokacije-nis/dvosoban-stan/64d645262bd0cd5afc05cae3,"Dvosoban stan za izdavanje, Vukašina Mrnjavčevića, 400€, 68m² - 4zida",2023-08-11,,68 m² ,2 sobe ,grejanje na struju ,,,prizemlje ,,terasa ,interfon ,i,pre 1 sat ,400,Vukašina Mrnjavčevića,"Pantelej, Gradske lokacije, Niš",1 garažno mesto ,toalet ,namešteno ,,,,,,,,,,,,,,
99,https://www.4zida.rs/izdavanje-stanova/banjica-vozdovac-opstina-beograd/jednoiposoban-stan/64d50b2750daaa73e80fe618,"Jednoiposoban stan za izdavanje, Banjica, 500€, 44m² - 4zida",2023-08-11,,44 m² ,1.5 soba ,etažno grejanje ,renovirano ,,3. sprat ,,terasa ,"telefon, kablovska, internet, klima ",43586 ,pre 1 dan ,500,Banjica,"Banjica, Voždovac opština, Beograd",,,namešteno ,uknjiženo ,useljivo ,,,,,,,,,,,,
100,https://www.4zida.rs/izdavanje-stanova/blok-67-belville-novi-beograd-beograd/dvosoban-stan/64d5195c5220993d9e0444bc,"Dvosoban stan za izdavanje, Jurija Gagarina, 750€, 60m² - 4zida",2023-08-11,,60 m² ,2 sobe ,centralno grejanje ,renovirano ,,6/13 spratova ,ima lift (1) ,terasa ,"telefon, kablovska, internet, klima ",20809 ,pre 23 sati ,750,Jurija Gagarina,"Blok 67 - Belville, Novi Beograd, Beograd",,,namešteno ,uknjiženo ,useljivo ,,,,,,,,,,,,
101,https://www.4zida.rs/izdavanje-stanova/zeleznik-cukarica-cukarica-opstina-beograd/dvosoban-stan/64d5fe42a27c1c1c37038692,"Dvosoban stan za izdavanje, Železnik, 400€, 47m² - 4zida",2023-08-11,Stan u zgradi ,47 m² ,2 sobe ,etažno grejanje ,novo ,,5/5 spratova ,ima lift (1) ,terasa ,"interfon, TV, klima, veš mašina, sudo mašina, frižider, šporet, ležaj ",1395 ,pre 6 sati ,400,Železnik,"Železnik, Čukarica, Čukarica opština, Beograd",,kuhinja ,namešteno ,,useljivo ,,,,,1 parking mesto ,,,,,,,
102,https://www.4zida.rs/izdavanje-stanova/vracar-beograd/trosoban-stan/64d644ad2bd0cd5afc05cacd,"Trosoban stan za izdavanje, Vračar, 1.400€, 102m² - 4zida",2023-08-11,,102 m² ,3 sobe ,centralno grejanje ,,,,,,,173 ,pre 1 sat ,1.400,Vračar,"Vračar, Beograd",,,,,,,,,,,,,,,,,
103,https://www.4zida.rs/izdavanje-stanova/crveni-krst-vracar-vracar-beograd/trosoban-stan/64d50d8350daaa73e80fe6a1,"Trosoban stan za izdavanje, Crveni Krst Vračar, 1.500€, 63m² - 4zida",2023-08-11,Stan u zgradi ,63 m² ,3 sobe ,grejanje na struju ,,,2. sprat ,,,klima ,100520 ,pre 23 sati ,1.500,Crveni Krst Vračar,"Crveni Krst Vračar, Vračar, Beograd",1 garažno mesto ,,,uknjiženo ,useljivo ,,,,,1 parking mesto ,,,,,,,
104,https://www.4zida.rs/izdavanje-stanova/durlan-pantelej-gradske-lokacije-nis/garsonjera/64d642b92bd0cd5afc05ca57,"Garsonjera za izdavanje, Knjaževačka, 360€, 30m² - 4zida",2023-08-11,,30 m² ,0.5 soba ,etažno grejanje ,,,2. sprat ,,terasa ,"kablovska, internet, klima ",i,pre 1 sat ,360,Knjaževačka,"Durlan, Pantelej, Gradske lokacije, Niš",,kupatilo ,namešteno ,,,,,,,1 parking mesto ,,,,,,,
105,https://www.4zida.rs/izdavanje-stanova/blok-11c-stari-merkator-blok-11-novi-beograd-beograd/dvosoban-stan/64d4efecbaece028f205c349,"Dvosoban stan za izdavanje, Radoja Dakica, 480€, 51m² - 4zida",2023-08-11,,51 m² ,2 sobe ,centralno grejanje ,,,visoko prizemlje/5 spratova ,,,"telefon, kablovska, internet, klima ",53968 ,pre 1 dan ,480,Radoja Dakica,"Blok 11c - Stari Merkator, Blok 11, Novi Beograd, Beograd",,kupatilo ,namešteno ,,,,,,,,,,,,,,
106,https://www.4zida.rs/izdavanje-stanova/novi-sad-centar-stari-grad-gradske-lokacije-novi-sad/garsonjera/64d5fe68a27c1c1c3703869f,"Garsonjera za izdavanje, Novi Sad - Centar, 250€, 18m² - 4zida",2023-08-11,Stan u zgradi ,18 m² ,0.5 soba ,centralno grejanje ,uobičajeno stanje ,2023,3. sprat ,ima lift (1) ,,,9106315 ,pre 6 sati ,250,Novi Sad - Centar,"Novi Sad - Centar, Stari Grad, Gradske lokacije, Novi Sad",,,,,,,,,,,,,,,,,
107,https://www.4zida.rs/izdavanje-stanova/gundulicev-venac-donji-dorcol-dorcol-stari-grad-opstina-beograd/dvosoban-stan/64d60964962199ff1b0bd64c,"Dvosoban stan za izdavanje, Gundulićev Venac, 800€, 45m² - 4zida",2023-08-11,,45 m² ,2 sobe ,centralno grejanje ,uobičajeno stanje ,,5/6 spratova ,ima lift (1) ,,"telefon, internet, interfon, klima ",5888 ,pre 6 sati ,800,Gundulićev Venac,"Gundulićev Venac, Donji Dorćol, Dorćol, Stari Grad opština, Beograd",,kupatilo ,namešteno ,uknjiženo ,,,,,,,,,,,,,
108,https://www.4zida.rs/izdavanje-stanova/guncati-barajevo-opstina-beograd/cetvorosoban-stan/64d5fa20a27c1c1c370385ef,"Četvorosoban stan za izdavanje, Sremskih kraljeva, 1.000€, 180m² - 4zida",2023-08-11,Stan u zgradi ,180 m² ,4 sobe ,etažno grejanje ,,,2/2 sprata ,,,,85504 ,pre 7 sati ,1.000,Sremskih kraljeva,"Guncati, Barajevo opština, Beograd",,,,nije uknjiženo ,useljivo ,,,,,,,,,,,,
109,https://www.4zida.rs/izdavanje-stanova/blok-28-novi-beograd-beograd/dvoiposoban-stan/64d5280e7668fdc3f109a03c,"Dvoiposoban stan za izdavanje, Bulevar Arsenija Carnojevica, 450€, 60m² - 4zida",2023-08-11,,60 m² ,2.5 soba ,centralno grejanje ,,,6/9 spratova ,ima lift (1) ,terasa ,"telefon, kablovska, internet, klima ",53971 ,pre 22 sati ,450,Bulevar Arsenija Carnojevica,"Blok 28, Novi Beograd, Beograd",,kupatilo ,namešteno ,,,,,,,,,,,,,,
110,https://www.4zida.rs/izdavanje-stanova/blok-11c-stari-merkator-blok-11-novi-beograd-beograd/dvosoban-stan/64d6091d962199ff1b0bd633,"Dvosoban stan za izdavanje, Džona Kenedija, 450€, 45m² - 4zida",2023-08-11,,45 m² ,2 sobe ,etažno grejanje ,,,4/6 spratova ,ima lift (1) ,terasa ,"telefon, kablovska, internet, klima ",53982 ,pre 6 sati ,450,Džona Kenedija,"Blok 11c - Stari Merkator, Blok 11, Novi Beograd, Beograd",,kupatilo ,namešteno ,,,,,,,,,,,,,,
111,https://www.4zida.rs/izdavanje-stanova/bubanj-centar-gradske-lokacije-kragujevac/dvosoban-stan/64d5db6684f58c1015013aff,"Dvosoban stan za izdavanje, Episkopa Save 15, 200€, 42m² - 4zida",2023-08-11,Stan u zgradi ,42 m² ,2 sobe ,centralno grejanje ,uobičajeno stanje ,,3/5 spratova ,,"podrum, terasa ","TV, klima, veš mašina, kuhinjski elementi, frižider, zamrzivač, rerna, šporet, ležaj, plakar ",,pre 8 sati ,200,Episkopa Save 15,"Bubanj, Centar, Gradske lokacije, Kragujevac",,"kupatilo, kuhinja, ostava ",namešteno ,uknjiženo ,,"obavezan depozit, 200",10.09.2023 ,Porodice ,,,,,Optički ,,,,
112,https://www.4zida.rs/izdavanje-stanova/medicinski-fakultet-bulevar-dr-zorana-djindjica-medijana-gradske-lokacije-nis/dvosoban-stan/64d6374b0a50583e1a08c152,"Dvosoban stan za izdavanje, Medicinski Fakultet, 350€, 48m² - 4zida",2023-08-11,Stan u zgradi ,48 m² ,2 sobe ,,,,prizemlje ,,,,2164 ,pre 2 sata ,350,Medicinski Fakultet,"Medicinski Fakultet, Bulevar Dr Zorana Đinđića, Medijana, Gradske lokacije, Niš",,,namešteno ,,,,,,,,,,,,,,
113,https://www.4zida.rs/izdavanje-stanova/adamovicevo-naselje-gradske-lokacije-novi-sad/garsonjera/64d4e7157946d788630a34c2,"Garsonjera za izdavanje, Adamovićevo Naselje, 280€, 28m² - 4zida",2023-08-11,Stan u zgradi ,28 m² ,0.5 soba ,centralno grejanje ,uobičajeno stanje ,,1. sprat ,ima lift (1) ,,,9100055 ,pre 1 dan ,280,Adamovićevo Naselje,"Adamovićevo Naselje, Gradske lokacije, Novi Sad",,,,,,,,,,,,,,,,,
114,https://www.4zida.rs/izdavanje-stanova/centar-gradske-lokacije-valjevo/dvoiposoban-stan/64d5ded242697af04409ba57,"Dvoiposoban stan za izdavanje, Karadjordjeva 89, 550€, 59m² - 4zida",2023-08-11,Stan u zgradi ,59 m² ,2.5 soba ,centralno grejanje ,novo ,,2/6 spratova ,ima lift (1) ,terasa ,"kablovska, klima, ventilacija ",,pre 8 sati ,550,Karadjordjeva 89,"Centar, Gradske lokacije, Valjevo",,"kupatilo, kuhinja ",namešteno ,uknjiženo ,useljivo ,"obavezan depozit, 550",,,,2 parking mesta ,dvorište ,Da ,,,jugozapad ,,
115,https://www.4zida.rs/izdavanje-stanova/sportski-centar-vracar-sc-vracar-vracar-beograd/trosoban-stan/64d646152bd0cd5afc05cb38,"Trosoban stan za izdavanje, Sportski centar Vračar (SC Vračar), 1.000€, 85m² - 4zida",2023-08-11,Stan u zgradi ,85 m² ,3 sobe ,TA peć ,novo ,,4/5 spratova ,,terasa ,"kablovska, internet, interfon, TV, klima, veš mašina, sudo mašina, frižider, šporet, ležaj ",248 ,pre 1 sat ,1.000,Sportski centar Vračar (SC Vračar),"Sportski centar Vračar (SC Vračar), Vračar, Beograd",,kuhinja ,namešteno ,uknjiženo ,,,,,,,,,,,,,
116,https://www.4zida.rs/izdavanje-stanova/beogradjanka-savski-venac-beograd/jednosoban-stan/64d6254ae69fd7ad5c05c0fa,"Jednosoban stan za izdavanje, Gavrila Principa, 450€, 42m² - 4zida",2023-08-11,,42 m² ,1 soba ,centralno grejanje ,uobičajeno stanje ,,7/7 spratova ,ima lift (1) ,terasa ,"telefon, kablovska, internet, klima ",13126 ,pre 4 sata ,450,Gavrila Principa,"Beograđanka, Savski Venac, Beograd",,kupatilo ,namešteno ,,,,,,,,,,,,,,
117,https://www.4zida.rs/izdavanje-stanova/hram-svetog-save-neimar-vracar-beograd/jednosoban-stan/64d5605849fdff30ca07f2ef,"Jednosoban stan za izdavanje, Krusedolska, 490€, 40m² - 4zida",2023-08-11,,40 m² ,1 soba ,centralno grejanje ,,,2/7 spratova ,ima lift (1) ,,"telefon, kablovska, internet, klima ",53975 ,pre 18 sati ,490,Krusedolska,"Hram Svetog Save, Neimar, Vračar, Beograd",,kupatilo ,namešteno ,,,,,,,,,,,,,,
118,https://www.4zida.rs/izdavanje-stanova/matije-hudji-gradske-lokacije-sremska-mitrovica/dvosoban-stan/64d51d4f8f323d82560b211f,"Dvosoban stan za izdavanje, Matije Huđi 64, 250€, 60m² - 4zida",2023-08-11,Stan u zgradi ,60 m² ,2 sobe ,norveški radijatori ,,1970,3/5 spratova ,,"podrum, terasa ","telefon, kablovska, TV, veš mašina, kuhinjski elementi, frižider, zamrzivač, rerna, ležaj, plakar, ugradni plakar ",,pre 22 sati ,250,Matije Huđi 64,"Matije Huđi, Gradske lokacije, Sremska Mitrovica",,"kupatilo, kuhinja, ostava ",,,useljivo ,"obavezan depozit, 250",,,,,ulicu ,,,8000 ,,,
119,https://www.4zida.rs/izdavanje-stanova/hram-svetog-save-neimar-vracar-beograd/jednoiposoban-stan/64d6091d962199ff1b0bd630,"Jednoiposoban stan za izdavanje, Stojana Protića, 500€, 39m² - 4zida",2023-08-11,,39 m² ,1.5 soba ,centralno grejanje ,,,visoko prizemlje/5 spratova ,ima lift (1) ,terasa ,"telefon, kablovska, internet, klima ",53973 ,pre 6 sati ,500,Stojana Protića,"Hram Svetog Save, Neimar, Vračar, Beograd",,kupatilo ,polunamešteno ,,,,,,,,,,,,,,
120,https://www.4zida.rs/izdavanje-stanova/liman-3-liman-gradske-lokacije-novi-sad/dvosoban-stan/64d628c7e69fd7ad5c05c1b4,"Dvosoban stan za izdavanje, Liman 3, 500€, 64m² - 4zida",2023-08-11,Stan u zgradi ,64 m² ,2 sobe ,centralno grejanje ,uobičajeno stanje ,1980,2. sprat ,ima lift (1) ,,,9107168 ,pre 3 sata ,500,Liman 3,"Liman 3, Liman, Gradske lokacije, Novi Sad",,,,,,,,,,,,,,,,,
121,https://www.4zida.rs/izdavanje-stanova/jugovicevo-gradske-lokacije-novi-sad/troiposoban-stan/64d50bc050daaa73e80fe661,"Troiposoban stan za izdavanje, Jugovićevo, 1.200€, 96m² - 4zida",2023-08-11,Stan u zgradi ,96 m² ,3.5 soba ,centralno grejanje ,uobičajeno stanje ,,3. sprat ,ima lift (1) ,terasa ,,9115156 ,pre 1 dan ,1.200,Jugovićevo,"Jugovićevo, Gradske lokacije, Novi Sad",,,,,,,,,,,,,,,,,
122,https://www.4zida.rs/izdavanje-stanova/grbavica-gradske-lokacije-novi-sad/garsonjera/64d652cc4c6edea1d5068287,"Garsonjera za izdavanje, Grbavica, 250€, 28m² - 4zida",2023-08-11,Stan u zgradi ,28 m² ,0.5 soba ,grejanje na gas ,uobičajeno stanje ,,,,,,9107180 ,pre 50 minuta ,250,Grbavica,"Grbavica, Gradske lokacije, Novi Sad",,,,,,,,,,,,,,,,,
123,https://www.4zida.rs/izdavanje-stanova/dorcol-stari-grad-opstina-beograd/trosoban-stan/64d50b2550daaa73e80fe612,"Trosoban stan za izdavanje, Dorćol, 3.200€, 120m² - 4zida",2023-08-11,,120 m² ,3 sobe ,centralno grejanje ,novo ,,4. sprat ,ima lift (1) ,terasa ,"telefon, kablovska, internet, klima ",47622 ,pre 1 dan ,3.200,Dorćol,"Dorćol, Stari Grad opština, Beograd",1 garažno mesto ,,namešteno ,uknjiženo ,useljivo ,,,,,,,,,,,,
124,https://www.4zida.rs/izdavanje-stanova/karaburma-palilula-opstina-beograd/garsonjera/64d4f254baece028f205c3c2,"Garsonjera za izdavanje, Mirijevski Bulevar, 220€, 20m² - 4zida",2023-08-11,,20 m² ,0.5 soba ,grejanje na struju ,uobičajeno stanje ,1978,2/4 sprata ,,,"telefon, kablovska, internet, interfon, klima ",2796 ,pre 1 dan ,220,Mirijevski Bulevar,"Karaburma, Palilula opština, Beograd",,kupatilo ,namešteno ,,useljivo ,,,,,1 parking mesto ,,,,,,,
125,https://www.4zida.rs/izdavanje-stanova/centar-medijana-gradske-lokacije-nis/jednosoban-stan/64d62780e69fd7ad5c05c159,"Jednosoban stan za izdavanje, Cvijićeva, 200€, 32m² - 4zida",2023-08-11,,32 m² ,1 soba ,centralno grejanje ,,,prizemlje ,,podrum ,telefon ,1930 ,pre 3 sata ,200,Cvijićeva,"Centar, Medijana, Gradske lokacije, Niš",,kupatilo ,polunamešteno ,uknjiženo ,useljivo ,,,,,,,,,,,,
126,https://www.4zida.rs/izdavanje-stanova/visnjicka-banja-palilula-opstina-beograd/trosoban-stan/64d50b2850daaa73e80fe624,"Trosoban stan za izdavanje, Višnjička Banja, 750€, 67m² - 4zida",2023-08-11,,67 m² ,3 sobe ,centralno grejanje ,novo ,,4. sprat ,ima lift (1) ,terasa ,"telefon, kablovska, internet, klima ",47606 ,pre 1 dan ,750,Višnjička Banja,"Višnjička Banja, Palilula opština, Beograd",1 garažno mesto ,,prazno ,uknjiženo ,useljivo ,,,,,,,,,,,,
127,https://www.4zida.rs/izdavanje-stanova/centar-gradske-lokacije-pancevo/dvoiposoban-stan/64d5eda9a880295662039712,"Dvoiposoban stan za izdavanje, Stevice Jovanovic 9A, 250€, 60m² - 4zida",2023-08-11,Stan u zgradi ,60 m² ,2.5 soba ,grejanje na gas ,,,2/2 sprata ,,terasa ,"telefon, klima ",,pre 7 sati ,250,Stevice Jovanovic 9A,"Centar, Gradske lokacije, Pančevo",,,prazno ,,useljivo ,"obavezan depozit, 250",,,,,,,,,,,
128,https://www.4zida.rs/izdavanje-stanova/palata-pravde-savski-venac-beograd/cetvorosoban-stan/64d5031ff94efb91ac09b1e9,"Četvorosoban stan za izdavanje, Palata Pravde, 2.000€, 118m² - 4zida",2023-08-11,Stan u zgradi ,118 m² ,4 sobe ,centralno grejanje ,novo ,,4. sprat ,ima lift (1) ,"terasa, Bazen za plivanje ","kablovska, internet, interfon, TV, klima, veš mašina, sudo mašina, frižider, šporet, ležaj ",2326 ,pre 1 dan ,2.000,Palata Pravde,"Palata Pravde, Savski Venac, Beograd",1 garažno mesto ,kuhinja ,namešteno ,,useljivo ,,,,,1 parking mesto ,,,,,,,
129,https://www.4zida.rs/izdavanje-stanova/stepa-stepanovic-vozdovac-opstina-beograd/jednoiposoban-stan/64d644662bd0cd5afc05caac,"Jednoiposoban stan za izdavanje, 2. srpske armije, 450€, 47m² - 4zida",2023-08-11,,47 m² ,1.5 soba ,centralno grejanje ,novo ,,1/5 spratova ,ima lift (1) ,terasa ,"telefon, kablovska, internet, interfon, klima ",3779 ,pre 1 sat ,450,2. srpske armije,"Stepa Stepanović, Voždovac opština, Beograd",,kupatilo ,namešteno ,uknjiženo ,,,,,,,,,,,,,
130,https://www.4zida.rs/izdavanje-stanova/erdoglija-gradske-lokacije-kragujevac/trosoban-stan/64d50fbb3ff470a82506d49f,"Trosoban stan za izdavanje, Đendrala Terzibasica 1, 1.000€, 76m² - 4zida",2023-08-11,Stan u zgradi ,76 m² ,3 sobe ,podno grejanje ,luksuzno ,2020,5/7 spratova ,ima lift (2) ,"prilaz za invalide, terasa, lođa ","kablovska, TV, klima, veš mašina, kuhinjski elementi, sudo mašina, frižider, zamrzivač, mikrotalasna rerna, rerna, šporet, ležaj, plakar ",,pre 23 sati ,1.000,Đendrala Terzibasica 1,"Erdoglija, Gradske lokacije, Kragujevac",1 garažno mesto ,"kupatilo, toalet, kuhinja ",namešteno ,uknjiženo ,useljivo ,,,Porodice ,Ne ,,ulicu ,Ne ,Kablovska ,5000 ,severoistok ,,
131,https://www.4zida.rs/izdavanje-stanova/novo-naselje-gradske-lokacije-novi-sad/trosoban-stan/64d62597e69fd7ad5c05c105,"Trosoban stan za izdavanje, Novo Naselje, 400€, 64m² - 4zida",2023-08-11,Stan u zgradi ,64 m² ,3 sobe ,,uobičajeno stanje ,,1. sprat ,ima lift (1) ,terasa ,,9103166 ,pre 4 sata ,400,Novo Naselje,"Novo Naselje, Gradske lokacije, Novi Sad",,,,,,,,,,,,,,,,,
132,https://www.4zida.rs/izdavanje-stanova/bulevar-oslobodjenja-gradske-lokacije-novi-sad/garsonjera/64d637330a50583e1a08c14c,"Garsonjera za izdavanje, Bulevar Oslobođenja, 450€, 44m² - 4zida",2023-08-11,,44 m² ,0.5 soba ,centralno grejanje ,uobičajeno stanje ,,2/5 spratova ,ima lift (1) ,terasa ,klima ,44112 ,pre 2 sata ,450,Bulevar Oslobođenja,"Bulevar Oslobođenja, Gradske lokacije, Novi Sad",,,namešteno ,uknjiženo ,useljivo ,,,,,,,,,,,,
133,https://www.4zida.rs/izdavanje-stanova/dorcol-stari-grad-opstina-beograd/dvosoban-stan/64d60042a27c1c1c37038717,"Dvosoban stan za izdavanje, k-distrikt, 1.200€, 38m² - 4zida",2023-08-11,Stan u zgradi ,38 m² ,2 sobe ,centralno grejanje ,novo ,,7/8 spratova ,ima lift (1) ,terasa ,"kablovska, internet, interfon, TV, klima, veš mašina, sudo mašina, frižider, šporet, ležaj ",437 ,pre 6 sati ,1.200,k-distrikt,"Dorćol, Stari Grad opština, Beograd",1 garažno mesto ,kuhinja ,namešteno ,,useljivo ,,,,,,,,,,,,
134,https://www.4zida.rs/izdavanje-stanova/vukov-spomenik-zvezdara-opstina-beograd/trosoban-stan/64d61ecba35d96c008074d50,"Trosoban stan za izdavanje, Vojvode Bogdana, 1.000€, 92m² - 4zida",2023-08-11,Stan u zgradi ,92 m² ,3 sobe ,centralno grejanje ,renovirano ,,4/6 spratova ,ima lift (1) ,lođe (2) ,,899 ,pre 4 sata ,1.000,Vojvode Bogdana,"Vukov Spomenik, Zvezdara opština, Beograd",,kupatila (2) ,polunamešteno ,,useljivo ,"obavezan depozit, 1.000",,,,,,,Kablovska ,,,,
135,https://www.4zida.rs/izdavanje-stanova/gundulicev-venac-donji-dorcol-dorcol-stari-grad-opstina-beograd/dvoiposoban-stan/64d50b2a50daaa73e80fe636,"Dvoiposoban stan za izdavanje, Gundulićev Venac, 1.300€, 60m² - 4zida",2023-08-11,,60 m² ,2.5 soba ,centralno grejanje ,novo ,,1. sprat ,ima lift (1) ,terasa ,"telefon, kablovska, internet, klima ",44649 ,pre 1 dan ,1.300,Gundulićev Venac,"Gundulićev Venac, Donji Dorćol, Dorćol, Stari Grad opština, Beograd",1 garažno mesto ,,namešteno ,uknjiženo ,useljivo ,,,,,,,,,,,,
136,https://www.4zida.rs/izdavanje-stanova/salajka-gradske-lokacije-novi-sad/jednoiposoban-stan/64d4e6ee7946d788630a34bd,"Jednoiposoban stan za izdavanje, Salajka, 500€, 37m² - 4zida",2023-08-11,Stan u zgradi ,37 m² ,1.5 soba ,grejanje na gas ,novo ,,4. sprat ,ima lift (1) ,terasa ,"TV, klima, veš mašina, frižider, šporet, ležaj ",2632 ,pre 1 dan ,500,Salajka,"Salajka, Gradske lokacije, Novi Sad",,kuhinja ,namešteno ,,,,,,,,,,,,,,
137,https://www.4zida.rs/izdavanje-stanova/bulevar-oslobodjenja-gradske-lokacije-novi-sad/dvosoban-stan/64d616ffc063f7907500dc5e,"Dvosoban stan za izdavanje, Bulevar Oslobođenja, 550€, 60m² - 4zida",2023-08-11,Stan u zgradi ,60 m² ,2 sobe ,etažno grejanje ,uobičajeno stanje ,,2. sprat ,,,kablovska ,9102627 ,pre 5 sati ,550,Bulevar Oslobođenja,"Bulevar Oslobođenja, Gradske lokacije, Novi Sad",,,,,,,,,,,,,,,,,
138,https://www.4zida.rs/izdavanje-stanova/centar-medijana-gradske-lokacije-nis/dvosoban-stan/641c5fffc476a54e70084c97,"Dvosoban stan za izdavanje, Cvijićeva,Niš, 370€, 55m² - 4zida",2023-08-11,Stan u zgradi ,55 m² ,2 sobe ,centralno grejanje ,održavano ,,3/4 sprata ,,"dvorište, terase (2) ","telefon, kablovska, TV, klima, veš mašina, kuhinjski elementi, frižider, zamrzivač, rerna, šporet, ležaj, plakar ",,pre 9 sati ,370,"Cvijićeva,Niš","Centar, Medijana, Gradske lokacije, Niš",,"kupatilo, kuhinja ",namešteno ,uknjiženo ,,"obavezan depozit, 370",01.09.2023 ,,,,ulicu ,Ne ,Optički ,8000 ,jugozapad ,,
139,https://www.4zida.rs/izdavanje-stanova/radijalac-gradske-lokacije-subotica/dvoiposoban-stan/64d51aca7644a34a3202cf1f,"Dvoiposoban stan za izdavanje, Radijalac, 300€, 64m² - 4zida",2023-08-11,Stan u zgradi ,64 m² ,2.5 soba ,centralno grejanje ,održavano ,1980,1/8 spratova ,ima lift (2) ,"terasa, lođa ","telefon, kablovska ",,pre 22 sati ,300,Radijalac,"Radijalac, Gradske lokacije, Subotica",,"kupatilo, kuhinja, ostava ",prazno ,uknjiženo ,useljivo ,"obavezan depozit, 600",,Porodice ,Ne ,,ulicu ,Ne ,,2000 ,,,
140,https://www.4zida.rs/izdavanje-stanova/juzni-bulevar-vracar-beograd/jednosoban-stan/64d5efd46b8963ef7a0b789b,"Jednosoban stan za izdavanje, Generala Horvatovića, 500€, 40m² - 4zida",2023-08-11,,40 m² ,1 soba ,etažno grejanje ,,,prizemlje/2 sprata ,,,telefon ,1767 ,pre 5 sati ,500,Generala Horvatovića,"Južni Bulevar, Vračar, Beograd",,kupatilo ,namešteno ,,,,,,,,,,,,,,
141,https://www.4zida.rs/izdavanje-stanova/london-stari-grad-opstina-beograd/trosoban-stan/64d637720a50583e1a08c165,"Trosoban stan za izdavanje, Kraljice Natalije, 1.750€, 100m² - 4zida",2023-08-11,,100 m² ,3 sobe ,centralno grejanje ,uobičajeno stanje ,,4/8 spratova ,,terasa ,"telefon, kablovska, internet, klima ",1580 ,pre 2 sata ,1.750,Kraljice Natalije,"London, Stari Grad opština, Beograd",,kupatilo ,namešteno ,,useljivo ,,,,,,,,,,,,
142,https://www.4zida.rs/izdavanje-stanova/tasmajdan-palilula-palilula-opstina-beograd/garsonjera/64d50b2a50daaa73e80fe630,"Garsonjera za izdavanje, Tašmajdan, 700€, 27m² - 4zida",2023-08-11,,27 m² ,0.5 soba ,etažno grejanje ,renovirano ,,3. sprat ,,terasa ,"telefon, kablovska, internet, klima ",47633 ,pre 1 dan ,700,Tašmajdan,"Tašmajdan, Palilula, Palilula opština, Beograd",,,namešteno ,uknjiženo ,useljivo ,,,,,,,,,,,,
143,https://www.4zida.rs/izdavanje-stanova/novi-sad-centar-stari-grad-gradske-lokacije-novi-sad/garsonjera/64d50ff150daaa73e80fe750,"Garsonjera za izdavanje, Novi Sad - Centar, 300€, 22m² - 4zida",2023-08-11,,22 m² ,0.5 soba ,grejanje na struju ,uobičajeno stanje ,,prizemlje/4 sprata ,ima lift (1) ,,klima ,44108 ,pre 23 sati ,300,Novi Sad - Centar,"Novi Sad - Centar, Stari Grad, Gradske lokacije, Novi Sad",,,namešteno ,uknjiženo ,useljivo ,,,,,,,,,,,,
144,https://www.4zida.rs/izdavanje-stanova/bulevar-patrijarha-pavla-somborski-bulevar-telep-gradske-lokacije-novi-sad/trosoban-stan/64d6294ae69fd7ad5c05c1de,"Trosoban stan za izdavanje, Bulevar Patrijarha Pavla (Somborski Bulevar), 800€, 70m² - 4zida",2023-08-11,,70 m² ,3 sobe ,centralno grejanje ,uobičajeno stanje ,,2/5 spratova ,ima lift (1) ,terasa ,klima ,44110 ,pre 3 sata ,800,Bulevar Patrijarha Pavla (Somborski Bulevar),"Bulevar Patrijarha Pavla (Somborski Bulevar), Telep, Gradske lokacije, Novi Sad",,,namešteno ,uknjiženo ,useljivo ,,,,,,,,,,,,
145,https://www.4zida.rs/izdavanje-stanova/novi-sad-centar-stari-grad-gradske-lokacije-novi-sad/petosoban-stan/64d501f8f94efb91ac09b192,"Petosoban stan za izdavanje, Svetozara Miletića, 1.700€, 147m² - 4zida",2023-08-11,,147 m² ,5 soba ,centralno grejanje ,uobičajeno stanje ,,2. sprat ,,terasa ,"telefon, internet, interfon, klima ",9103122 ,pre 1 dan ,1.700,Svetozara Miletića,"Novi Sad - Centar, Stari Grad, Gradske lokacije, Novi Sad",,kupatila (2) ,prazno ,uknjiženo ,,,,,,,,,,,,,
146,https://www.4zida.rs/izdavanje-stanova/bezanijska-kosa-3-bezanijska-kosa-novi-beograd-beograd/trosoban-stan/64d4efebbaece028f205c343,"Trosoban stan za izdavanje, Srđana Aleksića, 700€, 86m² - 4zida",2023-08-11,,86 m² ,3 sobe ,centralno grejanje ,,,5/6 spratova ,ima lift (1) ,terasa ,"telefon, kablovska, internet, klima ",53966 ,pre 1 dan ,700,Srđana Aleksića,"Bežanijska kosa 3, Bežanijska kosa, Novi Beograd, Beograd",,kupatilo ,polunamešteno ,,,,,,,,,,,,,,
147,https://www.4zida.rs/izdavanje-stanova/novo-naselje-gradske-lokacije-novi-sad/cetvorosoban-stan/64d60d78962199ff1b0bd700,"Četvorosoban stan za izdavanje, Novo Naselje, 700€, 100m² - 4zida",2023-08-11,,100 m² ,4 sobe ,centralno grejanje ,uobičajeno stanje ,,4/5 spratova ,,terasa ,klima ,44109 ,pre 5 sati ,700,Novo Naselje,"Novo Naselje, Gradske lokacije, Novi Sad",,,namešteno ,uknjiženo ,useljivo ,,,,,,,,,,,,
148,https://www.4zida.rs/izdavanje-stanova/podbara-gradske-lokacije-novi-sad/garsonjera/64d53055f8e562b2920cb969,"Garsonjera za izdavanje, Podbara, 200€, 25m² - 4zida",2023-08-11,Dvorišni stan ,25 m² ,0.5 soba ,centralno grejanje ,renovirano ,,visoko prizemlje/2 sprata ,,podrum ,"veš mašina, kuhinjski elementi, frižider, rerna, šporet, ležaj, plakar ",,pre 20 sati ,200,Podbara,"Podbara, Gradske lokacije, Novi Sad",,"kupatilo, kuhinja ",namešteno ,uknjiženo ,useljivo ,obavezan depozit ,,"Porodice, Studente ",Ne ,,ulicu ,Da ,Bežični ,3300 ,,"6, 5, 1 ",
149,https://www.4zida.rs/izdavanje-stanova/durlan-pantelej-gradske-lokacije-nis/dvoiposoban-stan/64d635540a50583e1a08c0ae,"Dvoiposoban stan za izdavanje, Knjazevačka, 350€, 53m² - 4zida",2023-08-11,,53 m² ,2.5 soba ,,,,prizemlje ,,,interfon ,i,pre 2 sata ,350,Knjazevačka,"Durlan, Pantelej, Gradske lokacije, Niš",1 garažno mesto ,"kupatilo, toalet ",namešteno ,,,,,,,,,,,,,,
150,https://www.4zida.rs/izdavanje-stanova/novo-naselje-gradske-lokacije-novi-sad/dvosoban-stan/64d5fad9a27c1c1c37038610,"Dvosoban stan za izdavanje, Novo Naselje, 300€, 54m² - 4zida",2023-08-11,Stan u zgradi ,54 m² ,2 sobe ,centralno grejanje ,uobičajeno stanje ,,1. sprat ,ima lift (1) ,terasa ,,9113568 ,pre 7 sati ,300,Novo Naselje,"Novo Naselje, Gradske lokacije, Novi Sad",,,,,,,,,,,,,,,,,
151,https://www.4zida.rs/izdavanje-stanova/blok-44-tc-piramida-novi-beograd-beograd/trosoban-stan/64d5605a49fdff30ca07f2fe,"Trosoban stan za izdavanje, Gandijeva, 650€, 75m² - 4zida",2023-08-11,,75 m² ,3 sobe ,centralno grejanje ,,,6/8 spratova ,ima lift (1) ,terasa ,"telefon, kablovska, internet, klima ",1053967 ,pre 18 sati ,650,Gandijeva,"Blok 44 TC Piramida, Novi Beograd, Beograd",,kupatilo ,namešteno ,,,,,,,,,,,,,,
152,https://www.4zida.rs/izdavanje-stanova/blok-19a-novi-beograd-beograd/dvosoban-stan/64d5e890810c4d932a0bca3b,"Dvosoban stan za izdavanje, Vladimira Popovića, 1.000€, 60m² - 4zida",2023-08-11,Stan u zgradi ,60 m² ,2 sobe ,centralno grejanje ,novo ,,3/6 spratova ,ima lift (2) ,terasa ,"telefon, kablovska, TV, klima, veš mašina, kuhinjski elementi, sudo mašina, frižider, mikrotalasna rerna, rerna, šporet, ležaj, plakar, ugradni plakar ",,pre 8 sati ,1.000,Vladimira Popovića,"Blok 19a, Novi Beograd, Beograd",,"kupatilo, toalet, kuhinja, ostava ",namešteno ,uknjiženo ,,"obavezan depozit, 1.000",,,,,,,,,,,
153,https://www.4zida.rs/izdavanje-stanova/nova-detelinara-detelinara-gradske-lokacije-novi-sad/jednoiposoban-stan/64d55f9d791023f7ea0f5e5d,"Jednoiposoban stan za izdavanje, Nova Detelinara, 350€, 37m² - 4zida",2023-08-11,Stan u zgradi ,37 m² ,1.5 soba ,centralno grejanje ,,2010,,ima lift (1) ,terasa ,"TV, klima, veš mašina, kuhinjski elementi, frižider, zamrzivač, rerna, šporet ",,pre 25 minuta ,350,Nova Detelinara,"Nova Detelinara, Detelinara, Gradske lokacije, Novi Sad",,"kupatilo, kuhinja, ostava ",namešteno ,,useljivo ,"obavezan depozit, 300",,"Radnike, Porodice ",Ne ,1 parking mesto ,,Da ,,7000 ,,,
154,https://www.4zida.rs/izdavanje-stanova/novi-sad-centar-stari-grad-gradske-lokacije-novi-sad/jednoiposoban-stan/64d6369f0a50583e1a08c0fb,"Jednoiposoban stan za izdavanje, Novi Sad - Centar, 400€, 33m² - 4zida",2023-08-11,Stan u zgradi ,33 m² ,1.5 soba ,centralno grejanje ,uobičajeno stanje ,2022,2. sprat ,ima lift (1) ,terasa ,,9104567 ,pre 1 sat ,400,Novi Sad - Centar,"Novi Sad - Centar, Stari Grad, Gradske lokacije, Novi Sad",,,,,,,,,,,,,,,,,
155,https://www.4zida.rs/izdavanje-stanova/dedinje-savski-venac-beograd/dvosoban-stan/64d6247ca73bab84010dbe05,"Dvosoban stan za izdavanje, Aleksandra Stamboliskog, 1.000€, 76m² - 4zida",2023-08-11,,76 m² ,2 sobe ,etažno grejanje ,uobičajeno stanje ,,visoko prizemlje/1 sprat ,,terasa ,telefon ,85866 ,pre 4 sata ,1.000,Aleksandra Stamboliskog,"Dedinje, Savski Venac, Beograd",,kupatilo ,namešteno ,uknjiženo ,,,,,,,,,,,,,
156,https://www.4zida.rs/izdavanje-stanova/lipov-lad-zvezdara-opstina-beograd/petosoban-stan/64d528237668fdc3f109a052,"Petosoban stan za izdavanje, Silvija Kranjcevica, 2.700€, 172m² - 4zida",2023-08-11,Stan u zgradi ,172 m² ,5 soba ,centralno grejanje ,,,1/2 sprata ,,,telefon ,90879 ,pre 22 sati ,2.700,Silvija Kranjcevica,"Lipov Lad, Zvezdara opština, Beograd",,,namešteno ,nije uknjiženo ,,,,,,,,,,,,,
157,https://www.4zida.rs/izdavanje-stanova/blok-25-arena-novi-beograd-beograd/dvosoban-stan/64d61a87c01b083b380c6ac3,"Dvosoban stan za izdavanje, Španskih boraca, 700€, 55m² - 4zida",2023-08-11,Stan u zgradi ,55 m² ,2 sobe ,centralno grejanje ,novo ,,3/4 sprata ,ima lift (1) ,terasa ,klima ,2676 ,pre 4 sata ,700,Španskih boraca,"Blok 25 - Arena, Novi Beograd, Beograd",,,namešteno ,,,"obavezan depozit, 700",01.09.2023 ,,,,,,,,,,
158,https://www.4zida.rs/izdavanje-stanova/vozdovac-vozdovac-opstina-beograd/dvosoban-stan/64d4efefbaece028f205c359,"Dvosoban stan za izdavanje, Vojvode Stepe, 500€, 66m² - 4zida",2023-08-11,,66 m² ,2 sobe ,centralno grejanje ,,,3/10 spratova ,ima lift (1) ,terasa ,telefon ,3140 ,pre 1 dan ,500,Vojvode Stepe,"Voždovac, Voždovac opština, Beograd",,kupatilo ,namešteno ,,useljivo ,,,,,,,,,,,,
159,https://www.4zida.rs/izdavanje-stanova/kalenic-vracar-beograd/trosoban-stan/64d65c914c6edea1d5068323,"Trosoban stan za izdavanje, Koče Kapetana, 1.000€, 100m² - 4zida",2023-08-11,Stan u zgradi ,100 m² ,3 sobe ,centralno grejanje ,,,1/5 spratova ,ima lift (1) ,terasa ,telefon ,83394 ,pre 9 minuta ,1.000,Koče Kapetana,"Kalenić, Vračar, Beograd",,,,uknjiženo ,useljivo ,,,,,,,,,,,,
160,https://www.4zida.rs/izdavanje-stanova/centar-gradske-lokacije-leskovac/dvoiposoban-stan/64d64e9ac00567cc17095d89,"Dvoiposoban stan za izdavanje, Bunatovačka 5, 260€, 68m² - 4zida",2023-08-11,Stan u zgradi ,68 m² ,2.5 soba ,centralno grejanje ,novo ,2010,1/5 spratova ,ima lift (1) ,terasa ,"kablovska, TV, klima, veš mašina, kuhinjski elementi, frižider, zamrzivač, rerna, šporet, ležaj, plakar ",,pre 46 minuta ,260,Bunatovačka 5,"Centar, Gradske lokacije, Leskovac",,"kupatilo, toalet, kuhinja ",namešteno ,uknjiženo ,,"obavezan depozit, 260",01.09.2023 ,Porodice ,Ne ,,ulicu ,,Optički ,,"zapad, jug ",,
161,https://www.4zida.rs/izdavanje-stanova/kalemegdan-stari-grad-opstina-beograd/jednoiposoban-stan/64d64064d24bfb821c01f34e,"Jednoiposoban stan za izdavanje, Vojvode Bojovića 4A, 1.000€, 38m² - 4zida",2023-08-11,Stan u zgradi ,38 m² ,1.5 soba ,centralno grejanje ,novo ,2020,6/8 spratova ,ima lift (2) ,"prilaz za invalide, lođa ","kablovska, TV, klima, veš mašina, kuhinjski elementi, sudo mašina, frižider, zamrzivač, rerna, šporet, ležaj ",,pre 1 sat ,1.000,Vojvode Bojovića 4A,"Kalemegdan, Stari Grad opština, Beograd",,"kupatilo, kuhinja ",namešteno ,uknjiženo ,useljivo ,"obavezan depozit, 500",,"Radnike, Studente ",Ne ,,ulicu ,Da ,Kablovska ,10000 ,jug ,,
162,https://www.4zida.rs/izdavanje-stanova/sarajevska-savski-venac-beograd/dvosoban-stan/64d5195a5220993d9e0444b8,"Dvosoban stan za izdavanje, Savska, 750€, 58m² - 4zida",2023-08-11,,58 m² ,2 sobe ,TA peć ,renovirano ,,5/6 spratova ,,terasa ,"telefon, kablovska, internet, klima ",20810 ,pre 23 sati ,750,Savska,"Sarajevska, Savski Venac, Beograd",,,namešteno ,uknjiženo ,useljivo ,,,,,,,,,,,,
163,https://www.4zida.rs/izdavanje-stanova/uciteljsko-naselje-zvezdara-opstina-beograd/trosoban-stan/64d5e189528e4a2d47027872,"Trosoban stan za izdavanje, Podujevska, 700€, 64m² - 4zida",2023-08-11,Stan u zgradi ,64 m² ,3 sobe ,centralno grejanje ,,2020,3/4 sprata ,ima lift (1) ,terasa ,"kablovska, TV, klima, veš mašina, kuhinjski elementi, frižider, rerna, šporet, ležaj, ugradni plakar ",,pre 8 sati ,700,Podujevska,"Učiteljsko Naselje, Zvezdara opština, Beograd",1 garažno mesto ,kuhinja ,namešteno ,,,"obavezan depozit, 1.400",15.08.2023 ,Porodice ,Ne ,,,,Optički ,,,,
164,https://www.4zida.rs/izdavanje-stanova/novo-naselje-gradske-lokacije-novi-sad/cetvoroiposoban-stan/64d52b687668fdc3f109a0cd,"Četvoroiposoban stan za izdavanje, Novo Naselje, 700€, 100m² - 4zida",2023-08-11,Stan u zgradi ,100 m² ,4.5 soba ,centralno grejanje ,uobičajeno stanje ,,4. sprat ,,,kablovska ,9107176 ,pre 21 sati ,700,Novo Naselje,"Novo Naselje, Gradske lokacije, Novi Sad",,,,,,,,,,,,,,,,,
165,https://www.4zida.rs/izdavanje-stanova/hram-svetog-save-neimar-vracar-beograd/jednosoban-stan/64d5605a49fdff30ca07f2fb,"Jednosoban stan za izdavanje, Mihajla Gavrilovica, 600€, 40m² - 4zida",2023-08-11,,40 m² ,1 soba ,etažno grejanje ,,,2/7 spratova ,ima lift (1) ,terasa ,"telefon, kablovska, internet, klima ",53979 ,pre 18 sati ,600,Mihajla Gavrilovica,"Hram Svetog Save, Neimar, Vračar, Beograd",,kupatilo ,namešteno ,,,,,,,,,,,,,,
166,https://www.4zida.rs/izdavanje-stanova/slavija-vracar-beograd/dvosoban-stan/64d61b85c063f7907500dd6e,"Dvosoban stan za izdavanje, Bulevar oslobođenja, 1.200€, 85m² - 4zida",2023-08-11,,85 m² ,2 sobe ,,uobičajeno stanje ,,2/3 sprata ,,terasa ,"telefon, kablovska, internet, interfon, klima ",42750 ,pre 2 sata ,1.200,Bulevar oslobođenja,"Slavija, Vračar, Beograd",,kupatilo ,namešteno ,uknjiženo ,,,,,,,,,,,,,
167,https://www.4zida.rs/izdavanje-stanova/zarkovo-cukarica-cukarica-opstina-beograd/jednoiposoban-stan/64d5ec426b8963ef7a0b7827,"Jednoiposoban stan za izdavanje, Ratka Mitrovića, 350€, 41m² - 4zida",2023-08-11,,41 m² ,1.5 soba ,centralno grejanje ,novo ,,1/3 sprata ,ima lift (1) ,,"telefon, kablovska, interfon ",1183 ,pre 8 sati ,350,Ratka Mitrovića,"Žarkovo, Čukarica, Čukarica opština, Beograd",,kupatilo ,namešteno ,,useljivo ,,,,,1 parking mesto ,,,,,,,
168,https://www.4zida.rs/izdavanje-stanova/trg-republike-beograd-centar-stari-grad-opstina-beograd/jednoiposoban-stan/64d637710a50583e1a08c15f,"Jednoiposoban stan za izdavanje, Dobračina, 650€, 38m² - 4zida",2023-08-11,,38 m² ,1.5 soba ,,uobičajeno stanje ,,2/4 sprata ,ima lift (1) ,,"telefon, internet, interfon, klima ",1583 ,pre 2 sata ,650,Dobračina,"Trg Republike, Beograd centar, Stari Grad opština, Beograd",,kupatilo ,namešteno ,,useljivo ,,,,,,,,,,,,
169,https://www.4zida.rs/izdavanje-stanova/lekino-brdo-vozdovac-opstina-beograd/jednoiposoban-stan/64d528567668fdc3f109a058,"Jednoiposoban stan za izdavanje, Strumička, 500€, 43m² - 4zida",2023-08-11,,43 m² ,1.5 soba ,etažno grejanje ,uobičajeno stanje ,,2/2 sprata ,,,telefon ,5885 ,pre 22 sati ,500,Strumička,"Lekino Brdo, Voždovac opština, Beograd",,kupatilo ,namešteno ,uknjiženo ,useljivo ,,,,,,,,,,,,
170,https://www.4zida.rs/izdavanje-stanova/sajmiste-gradske-lokacije-novi-sad/jednosoban-stan/64d4f4559abaf4bbde0d9fac,"Jednosoban stan za izdavanje, Pariske komune, 350€, 40m² - 4zida",2023-08-11,Stan u zgradi ,40 m² ,1 soba ,centralno grejanje ,,1980,visoko prizemlje/6 spratova ,ima lift (3) ,terasa ,"klima, veš mašina, kuhinjski elementi, frižider, zamrzivač, rerna, šporet, ležaj, plakar ",,pre 1 dan ,350,Pariske komune,"Sajmište, Gradske lokacije, Novi Sad",,"kupatilo, kuhinja, ostava ",namešteno ,uknjiženo ,useljivo ,"obavezan depozit, 350",,Radnike ,,,dvorište ,,,,istok ,,
171,https://www.4zida.rs/izdavanje-stanova/blok-72-novi-beograd-beograd/dvosoban-stan/64d61676c063f7907500dc42,"Dvosoban stan za izdavanje, Mileve Marić Ajnštajn, 700€, 45m² - 4zida",2023-08-11,,45 m² ,2 sobe ,centralno grejanje ,novo ,,1/7 spratova ,ima lift (1) ,terasa ,"telefon, kablovska, internet, klima ",20064 ,pre 5 sati ,700,Mileve Marić Ajnštajn,"Blok 72, Novi Beograd, Beograd",,,namešteno ,uknjiženo ,useljivo ,,,,,,,,,,,,
172,https://www.4zida.rs/izdavanje-stanova/juzni-bulevar-vracar-beograd/cetvorosoban-stan/64d4ff72eeabaf4b7706629e,"Četvorosoban stan za izdavanje, Generala Horvatovica 52, 300€, 78m² - 4zida",2023-08-11,Stan u zgradi ,78 m² ,4 sobe ,norveški radijatori ,luksuzno ,2010,5/5 spratova ,ima lift (1) ,terasa ,"kablovska, internet, TV, klima, veš mašina, kuhinjski elementi, frižider, zamrzivač, mikrotalasna rerna, rerna, šporet, ležaj, plakar ",,pre 1 dan ,300,Generala Horvatovica 52,"Južni Bulevar, Vračar, Beograd",,"kupatilo, toalet, kuhinja ",namešteno ,,useljivo ,,,Studente ,,,ulicu ,,Kablovska ,uključene u cenu ,severoistok ,,
173,https://www.4zida.rs/izdavanje-stanova/crveni-krst-vracar-vracar-beograd/jednosoban-stan/64d5605949fdff30ca07f2f5,"Jednosoban stan za izdavanje, Vojislava Ilica, 500€, 45m² - 4zida",2023-08-11,,45 m² ,1 soba ,centralno grejanje ,,,3/7 spratova ,ima lift (1) ,terasa ,"telefon, kablovska, internet, klima ",53977 ,pre 18 sati ,500,Vojislava Ilica,"Crveni Krst Vračar, Vračar, Beograd",,kupatilo ,namešteno ,,,,,,,,,,,,,,
174,https://www.4zida.rs/izdavanje-stanova/banovo-brdo-cukarica-cukarica-opstina-beograd/garsonjera/64d51db4a5825b703e04005c,"Garsonjera za izdavanje, Nedeljka Čabrinovića 64, 280€, 23m² - 4zida",2023-08-11,Stan u zgradi ,23 m² ,0.5 soba ,,renovirano ,,1/5 spratova ,ima lift (1) ,"prilaz za invalide, dvorište, podrum ","TV, klima, veš mašina, kuhinjski elementi, frižider, rerna, šporet, ležaj, plakar ",,pre 22 sati ,280,Nedeljka Čabrinovića 64,"Banovo Brdo, Čukarica, Čukarica opština, Beograd",,"kupatilo, kuhinja ",namešteno ,uknjiženo ,useljivo ,"obavezan depozit, 280",,Radnike ,Ne ,,,Ne ,Optički ,,,"23, 37, 51, 52, 53, 88.... ","12, 13 "
175,https://www.4zida.rs/izdavanje-stanova/bezanijska-kosa-2-bezanijska-kosa-novi-beograd-beograd/dvosoban-stan/64d61b17c063f7907500dd4a,"Dvosoban stan za izdavanje, Ismeta Mujezinovića, 600€, 68m² - 4zida",2023-08-11,Stan u zgradi ,68 m² ,2 sobe ,centralno grejanje ,renovirano ,1990,6/7 spratova ,ima lift (1) ,terasa ,"kablovska, internet, interfon, klima, veš mašina, frižider, šporet, ležaj, Kanalizacija ",1729 ,pre 4 sata ,600,Ismeta Mujezinovića,"Bežanijska kosa 2, Bežanijska kosa, Novi Beograd, Beograd",,kuhinja ,namešteno ,uknjiženo ,useljivo ,,,,,1 parking mesto ,,,,,,,
176,https://www.4zida.rs/izdavanje-stanova/blok-65-west-65-novi-beograd-beograd/trosoban-stan/64d653f84c6edea1d50682e8,"Trosoban stan za izdavanje, Blok 65 - WEST 65, 1.500€, 61m² - 4zida",2023-08-11,Stan u zgradi ,61 m² ,3 sobe ,,novo ,,1/6 spratova ,ima lift (1) ,terasa ,"klima, sudo mašina ",1775 ,pre 47 minuta ,1.500,Blok 65 - WEST 65,"Blok 65 - WEST 65, Novi Beograd, Beograd",1 garažno mesto ,kuhinja ,namešteno ,,,,,,,,,,,,,,
177,https://www.4zida.rs/izdavanje-stanova/rotkvarija-gradske-lokacije-novi-sad/jednoiposoban-stan/641076f58f22a81517081f46,"Jednoiposoban stan za izdavanje, Rotkvarija, 650€, 42m² - 4zida",2023-08-11,Stan u zgradi ,42 m² ,1.5 soba ,centralno grejanje ,održavano ,,1/4 sprata ,ima lift (1) ,terasa ,"TV, klima, veš mašina, kuhinjski elementi, frižider, rerna, šporet, plakar ",,pre 3 sata ,650,Rotkvarija,"Rotkvarija, Gradske lokacije, Novi Sad",,"kupatilo, kuhinja ",namešteno ,uknjiženo ,,"obavezan depozit, 650",,,,1 parking mesto ,,,,,,,
178,https://www.4zida.rs/izdavanje-stanova/blok-67-belville-novi-beograd-beograd/dvosoban-stan/64d60041a27c1c1c37038714,"Dvosoban stan za izdavanje, jurija gagarina, 1.200€, 71m² - 4zida",2023-08-11,Stan u zgradi ,71 m² ,2 sobe ,centralno grejanje ,novo ,,10/10 spratova ,ima lift (1) ,terasa ,"kablovska, internet, interfon, TV, klima, veš mašina, sudo mašina, frižider, šporet, ležaj ",438 ,pre 6 sati ,1.200,jurija gagarina,"Blok 67 - Belville, Novi Beograd, Beograd",,kuhinja ,namešteno ,,useljivo ,,,,,1 parking mesto ,,,,,,,
179,https://www.4zida.rs/izdavanje-stanova/bulevar-evrope-gradske-lokacije-novi-sad/dvosoban-stan/64d56fdc38efde552f0c4688,"Dvosoban stan za izdavanje, Zoned zgrada, 400€, 40m² - 4zida",2023-08-11,Stan u zgradi ,40 m² ,2 sobe ,grejanje na gas ,,,8. sprat ,,,,100979 ,pre 17 sati ,400,Zoned zgrada,"Bulevar Evrope, Gradske lokacije, Novi Sad",,,,uknjiženo ,useljivo ,,,,,,,,,,,,
180,https://www.4zida.rs/izdavanje-stanova/bezanijska-kosa-novi-beograd-beograd/dvosoban-stan/64d50b2950daaa73e80fe62d,"Dvosoban stan za izdavanje, Bežanijska kosa, 400€, 65m² - 4zida",2023-08-11,,65 m² ,2 sobe ,etažno grejanje ,novo ,,3. sprat ,,,"telefon, kablovska, internet, klima ",34607 ,pre 1 dan ,400,Bežanijska kosa,"Bežanijska kosa, Novi Beograd, Beograd",,,namešteno ,uknjiženo ,useljivo ,,,,,1 parking mesto ,,,,,,,
181,https://www.4zida.rs/izdavanje-stanova/bulevar-oslobodjenja-gradske-lokacije-novi-sad/dvosoban-stan/64d608db962199ff1b0bd61c,"Dvosoban stan za izdavanje, Bulevar Oslobođenja, 450€, 44m² - 4zida",2023-08-11,Stan u zgradi ,44 m² ,2 sobe ,grejanje na gas ,uobičajeno stanje ,,2. sprat ,ima lift (1) ,terasa ,,9114833 ,pre 6 sati ,450,Bulevar Oslobođenja,"Bulevar Oslobođenja, Gradske lokacije, Novi Sad",,,,,,,,,,,,,,,,,
182,https://www.4zida.rs/izdavanje-stanova/studentski-grad-blok-34-novi-beograd-beograd/jednoiposoban-stan/64d5db1771de9a6daf0a2ad5,"Jednoiposoban stan za izdavanje, Studentska 5, 380€, 39m² - 4zida",2023-08-11,Stan u zgradi ,39 m² ,1.5 soba ,centralno grejanje ,uobičajeno stanje ,,3/8 spratova ,,terasa ,"veš mašina, frižider, zamrzivač, rerna, šporet, plakar ",,pre 7 sati ,380,Studentska 5,"Studentski Grad, Blok 34, Novi Beograd, Beograd",,"kupatilo, toalet, kuhinja ",namešteno ,,,obavezan depozit ,01.09.2023 ,,,,,,,10000 ,,,
183,https://www.4zida.rs/izdavanje-stanova/zeleni-venac-savski-venac-beograd/jednoiposoban-stan/64d606750e97cbc40705e020,"Jednoiposoban stan za izdavanje, Zeleni Venac, 500€, 40m² - 4zida",2023-08-11,Stan u zgradi ,40 m² ,1.5 soba ,grejanje na struju ,,,prizemlje/6 spratova ,,,"internet, interfon, klima ",,pre 5 sati ,500,Zeleni Venac,"Zeleni Venac, Savski Venac, Beograd",,kupatilo ,namešteno ,,,"obavezan depozit, 500",,,,,,,,,,,
184,https://www.4zida.rs/izdavanje-stanova/novi-sad-centar-stari-grad-gradske-lokacije-novi-sad/dvosoban-stan/64d652ce4c6edea1d506828a,"Dvosoban stan za izdavanje, Novi Sad - Centar, 400€, 56m² - 4zida",2023-08-11,Stan u zgradi ,56 m² ,2 sobe ,centralno grejanje ,uobičajeno stanje ,1970,2. sprat ,ima lift (1) ,terasa ,kablovska ,9107181 ,pre 51 minuta ,400,Novi Sad - Centar,"Novi Sad - Centar, Stari Grad, Gradske lokacije, Novi Sad",,,,,,,,,,,,,,,,,
185,https://www.4zida.rs/izdavanje-stanova/sava-kovacevic-zemun-zemun-opstina-beograd/dvosoban-stan/64d641672bd0cd5afc05ca16,"Dvosoban stan za izdavanje, Sava Burića, 400€, 50m² - 4zida",2023-08-11,,50 m² ,2 sobe ,centralno grejanje ,uobičajeno stanje ,,visoko prizemlje/10 spratova ,ima lift (1) ,,"telefon, kablovska, internet, klima ",16538 ,pre 2 sata ,400,Sava Burića,"Sava Kovačević, Zemun, Zemun opština, Beograd",,kupatilo ,namešteno ,,,,,,,,,,,,,,
186,https://www.4zida.rs/izdavanje-stanova/centar-medijana-gradske-lokacije-nis/dvoiposoban-stan/64d60e36962199ff1b0bd744,"Dvoiposoban stan za izdavanje, Centar, 380€, 61m² - 4zida",2023-08-11,Stan u zgradi ,61 m² ,2.5 soba ,centralno grejanje ,renovirano ,,3/5 spratova ,ima lift (1) ,,"kablovska, internet, TV, klima, veš mašina, sudo mašina, frižider, šporet, ležaj, Kanalizacija ",291 ,pre 5 sati ,380,Centar,"Centar, Medijana, Gradske lokacije, Niš",,kuhinja ,namešteno ,uknjiženo ,,,,,,,,,,,,,
187,https://www.4zida.rs/izdavanje-stanova/crveni-krst-vracar-vracar-beograd/jednoiposoban-stan/64d5605a49fdff30ca07f2f8,"Jednoiposoban stan za izdavanje, Grcica Milenka, 400€, 43m² - 4zida",2023-08-11,,43 m² ,1.5 soba ,centralno grejanje ,,,5/6 spratova ,ima lift (1) ,terasa ,"telefon, kablovska, internet, klima ",53978 ,pre 18 sati ,400,Grcica Milenka,"Crveni Krst Vračar, Vračar, Beograd",,kupatilo ,polunamešteno ,,,,,,,,,,,,,,
188,https://www.4zida.rs/izdavanje-stanova/vozdovac-vozdovac-opstina-beograd/trosoban-stan/64d5ebc2fcf2bb35c500f35f,"Trosoban stan za izdavanje, Voždovac, 650€, 60m² - 4zida",2023-08-11,Stan u zgradi ,60 m² ,3 sobe ,centralno grejanje ,renovirano ,,3/3 sprata ,ima lift (1) ,"alarm, terase (2) ","internet, TV, veš mašina, kuhinjski elementi, sudo mašina, frižider, zamrzivač, rerna, šporet ",,pre 7 sati ,650,Voždovac,"Voždovac, Voždovac opština, Beograd",,"kupatilo, kuhinja, ostava ",namešteno ,,,"obavezan depozit, 650",01.09.2023 ,,,1 parking mesto ,,Da ,Kablovska ,75 ,,33 ,"9, 10, 14 "
189,https://www.4zida.rs/izdavanje-stanova/marger-medijana-gradske-lokacije-nis/trosoban-stan/64d61947c063f7907500dca6,"Trosoban stan za izdavanje, Trg 14. oktobra, 300€, 68m² - 4zida",2023-08-11,,68 m² ,3 sobe ,centralno grejanje ,,,1. sprat ,ima lift (1) ,terasa ,interfon ,i,pre 4 sata ,300,Trg 14. oktobra,"Marger, Medijana, Gradske lokacije, Niš",,toalet ,namešteno ,,,,,,,1 parking mesto ,,,,,,,
190,https://www.4zida.rs/izdavanje-stanova/centar-medijana-gradske-lokacije-nis/dvosoban-stan/64d4e6427946d788630a347c,"Dvosoban stan za izdavanje, Nikole Pašića, 370€, 50m² - 4zida",2023-08-11,,50 m² ,2 sobe ,grejanje na struju ,,,1. sprat ,,,"kablovska, internet, klima ",i,pre 1 dan ,370,Nikole Pašića,"Centar, Medijana, Gradske lokacije, Niš",1 garažno mesto ,"kupatilo, toalet ",namešteno ,,,,,,,,,,,,,,
191,https://www.4zida.rs/izdavanje-stanova/sajmiste-gradske-lokacije-novi-sad/dvosoban-stan/64d5fe73a27c1c1c370386a2,"Dvosoban stan za izdavanje, Sajmište, 550€, 60m² - 4zida",2023-08-11,Stan u zgradi ,60 m² ,2 sobe ,grejanje na gas ,uobičajeno stanje ,1996,3. sprat ,,terasa ,kablovska ,9107178 ,pre 6 sati ,550,Sajmište,"Sajmište, Gradske lokacije, Novi Sad",,,,,,,,,,,,,,,,,
192,https://www.4zida.rs/izdavanje-stanova/stari-grad-gradske-lokacije-novi-sad/trosoban-stan/64d5e542f35bc73b8000cbc7,"Trosoban stan za izdavanje, Stari Grad, 600€, 84m² - 4zida",2023-08-11,Stan u zgradi ,84 m² ,3 sobe ,centralno grejanje ,uobičajeno stanje ,,3/4 sprata ,ima lift (1) ,"tavan, terase (2) ","telefon, kablovska, klima, veš mašina, kuhinjski elementi, sudo mašina, frižider, zamrzivač, rerna, šporet, ležaj, plakar ",,pre 8 sati ,600,Stari Grad,"Stari Grad, Gradske lokacije, Novi Sad",,"kupatilo, toalet, kuhinja, ostava ",namešteno ,uknjiženo ,useljivo ,obavezan depozit ,,"Porodice, Studente ",,,"ulicu, dvorište ",,ADSL ,,,,
193,https://www.4zida.rs/izdavanje-stanova/skupstina-stari-grad-opstina-beograd/dvosoban-stan/64d5442f705d3c1de50620a6,"Dvosoban stan za izdavanje, Majke Jevrosime, 450€, 46m² - 4zida",2023-08-11,,46 m² ,2 sobe ,centralno grejanje ,,,2/5 spratova ,ima lift (1) ,terasa ,"telefon, kablovska, internet, klima ",53972 ,pre 20 sati ,450,Majke Jevrosime,"Skupština, Stari Grad opština, Beograd",,kupatilo ,polunamešteno ,,,,,,,,,,,,,,
194,https://www.4zida.rs/izdavanje-stanova/brace-jerkovic-vozdovac-opstina-beograd/cetvorosoban-stan/64ad117f6586ed022e0dabca,"Četvorosoban stan za izdavanje, Miodraga Živanova, 700€, 89m² - 4zida",2023-08-11,,89 m² ,4 sobe ,etažno grejanje ,renovirano ,2023,4/4 sprata ,,terasa ,"telefon, kablovska, internet, klima ",17422 ,pre 25 dana ,700,Miodraga Živanova,"Braće Jerković, Voždovac opština, Beograd",,kupatila (2) ,namešteno ,,useljivo ,,,,,,,,,,,,
195,https://www.4zida.rs/izdavanje-stanova/banjica-vozdovac-opstina-beograd/jednosoban-stan/64d63e734329c1e2f102f2eb,"Jednosoban stan za izdavanje, Paunova, 350€, 40m² - 4zida",2023-08-11,Stan u zgradi ,40 m² ,1 soba ,centralno grejanje ,,,12/12 spratova ,ima lift (2) ,,klima ,,pre 2 sata ,350,Paunova,"Banjica, Voždovac opština, Beograd",,kupatilo ,namešteno ,,useljivo ,obavezan depozit ,,,,,,,,,jug ,,
196,https://www.4zida.rs/izdavanje-stanova/sava-kovacevic-zemun-zemun-opstina-beograd/dvosoban-stan/64d50b2450daaa73e80fe60f,"Dvosoban stan za izdavanje, Sava Kovačević, 800€, 45m² - 4zida",2023-08-11,,45 m² ,2 sobe ,centralno grejanje ,novo ,,2. sprat ,ima lift (1) ,,"telefon, kablovska, internet, klima ",47625 ,pre 1 dan ,800,Sava Kovačević,"Sava Kovačević, Zemun, Zemun opština, Beograd",,,namešteno ,uknjiženo ,useljivo ,,,,,,,,,,,,
197,https://www.4zida.rs/izdavanje-stanova/fon-vozdovac-vozdovac-vozdovac-opstina-beograd/dvosoban-stan/64d653e34c6edea1d50682d7,"Dvosoban stan za izdavanje, Bose Milićević, 750€, 65m² - 4zida",2023-08-11,,65 m² ,2 sobe ,centralno grejanje ,novo ,,visoko prizemlje/4 sprata ,ima lift (1) ,terasa ,"telefon, kablovska, internet, interfon, klima ",1494 ,pre 47 minuta ,750,Bose Milićević,"FON - Voždovac, Voždovac, Voždovac opština, Beograd",,kupatilo ,namešteno ,uknjiženo ,useljivo ,,,,,,,,,,,,
198,https://www.4zida.rs/izdavanje-stanova/dom-zdravlja-medijana-gradske-lokacije-nis/dvosoban-stan/64d60a5e962199ff1b0bd678,"Dvosoban stan za izdavanje, Cvijićeva, 700€, 53m² - 4zida",2023-08-11,,53 m² ,2 sobe ,etažno grejanje ,novo ,,2. sprat ,ima lift (1) ,"prilaz za invalide, terasa ","interfon, klima ",i,pre 6 sati ,700,Cvijićeva,"Dom Zdravlja, Medijana, Gradske lokacije, Niš",1 garažno mesto ,kupatilo ,namešteno ,,,,,,,,,,,,,,
199,https://www.4zida.rs/izdavanje-stanova/durlan-pantelej-gradske-lokacije-nis/dvoiposoban-stan/64d634850a50583e1a08c070,"Dvoiposoban stan za izdavanje, Knjazevačka, 350€, 53m² - 4zida",2023-08-11,,53 m² ,2.5 soba ,,,,prizemlje ,,,interfon ,i,pre 3 sata ,350,Knjazevačka,"Durlan, Pantelej, Gradske lokacije, Niš",1 garažno mesto ,"kupatilo, toalet ",namešteno ,,,,,,,,,,,,,,
200,https://www.4zida.rs/izdavanje-stanova/dedinje-savski-venac-beograd/petosoban-stan/64d51f515220993d9e0445b5,"Petosoban stan za izdavanje, Dedinje, 1.900€, 200m² - 4zida",2023-08-11,Stan u zgradi ,200 m² ,5 soba ,centralno grejanje ,renovirano ,,2/3 sprata ,,terasa ,"interfon, klima, veš mašina, sudo mašina, frižider, šporet ",239 ,pre 22 sati ,1.900,Dedinje,"Dedinje, Savski Venac, Beograd",,,polunamešteno ,,,,,,,,,,,,,,
201,https://www.4zida.rs/izdavanje-stanova/lion-zvezdara-opstina-beograd/jednoiposoban-stan/64d61bd6c063f7907500dd9a,"Jednoiposoban stan za izdavanje, Ulcinjska, 500€, 38m² - 4zida",2023-08-11,,38 m² ,1.5 soba ,etažno grejanje ,renovirano ,2009,visoko prizemlje/5 spratova ,ima lift (1) ,,telefon ,1261 ,pre 4 sata ,500,Ulcinjska,"Lion, Zvezdara opština, Beograd",,kupatilo ,namešteno ,,useljivo ,,,,,,,,,,,,
202,https://www.4zida.rs/izdavanje-stanova/vozdovac-vozdovac-opstina-beograd/dvosoban-stan/64d50d8850daaa73e80fe6b1,"Dvosoban stan za izdavanje, Kalnička, 350€, 46m² - 4zida",2023-08-11,Stan u zgradi ,46 m² ,2 sobe ,grejanje na gas ,,,1/2 sprata ,,terasa ,,100822 ,pre 1 dan ,350,Kalnička,"Voždovac, Voždovac opština, Beograd",,,namešteno ,uknjiženo ,useljivo ,,,,,,,,,,,,
203,https://www.4zida.rs/izdavanje-stanova/bulevar-evrope-gradske-lokacije-novi-sad/garsonjera/64d608df962199ff1b0bd61f,"Garsonjera za izdavanje, Bulevar Evrope, 280€, 28m² - 4zida",2023-08-11,Stan u zgradi ,28 m² ,0.5 soba ,centralno grejanje ,uobičajeno stanje ,,1. sprat ,ima lift (1) ,,kablovska ,9104355 ,pre 6 sati ,280,Bulevar Evrope,"Bulevar Evrope, Gradske lokacije, Novi Sad",,,,,,,,,,,,,,,,,
204,https://www.4zida.rs/izdavanje-stanova/blok-67-belville-novi-beograd-beograd/dvosoban-stan/64d4e6a47946d788630a3497,"Dvosoban stan za izdavanje, Blok 67 - Belville, 1.200€, 71m² - 4zida",2023-08-11,Penthaus ,71 m² ,2 sobe ,centralno grejanje ,novo ,,10/10 spratova ,ima lift (1) ,terasa ,"kablovska, internet, interfon, TV, klima, veš mašina, frižider, šporet, ležaj ",1586 ,pre 1 dan ,1.200,Blok 67 - Belville,"Blok 67 - Belville, Novi Beograd, Beograd",1 garažno mesto ,kuhinja ,namešteno ,uknjiženo ,useljivo ,,,,,,,,,,,,
205,https://www.4zida.rs/izdavanje-stanova/olimp-zvezdara-opstina-beograd/dvoiposoban-stan/64d5643249fdff30ca07f387,"Dvoiposoban stan za izdavanje, Milana Rakica, 500€, 60m² - 4zida",2023-08-11,,60 m² ,2.5 soba ,etažno grejanje ,novo ,,4/4 sprata ,,terasa ,"kablovska, internet, klima ",59158 ,pre 17 sati ,500,Milana Rakica,"Olimp, Zvezdara opština, Beograd",,,namešteno ,uknjiženo ,useljivo ,,,,,,,,,,,,
206,https://www.4zida.rs/izdavanje-stanova/vukov-spomenik-zvezdara-opstina-beograd/garsonjera/64d4f21cbaece028f205c3ad,"Garsonjera za izdavanje, BULEVAR KRALJA ALEKSANDRA, 400€, 26m² - 4zida",2023-08-11,Stan u zgradi ,26 m² ,0.5 soba ,etažno grejanje ,,,3/4 sprata ,,terasa ,telefon ,4649 ,pre 1 dan ,400,BULEVAR KRALJA ALEKSANDRA,"Vukov Spomenik, Zvezdara opština, Beograd",,,namešteno ,,,,,,,,,,,,,,
207,https://www.4zida.rs/izdavanje-stanova/blok-44-tc-piramida-novi-beograd-beograd/trosoban-stan/64d5195d5220993d9e0444c2,"Trosoban stan za izdavanje, Nehruova, 650€, 75m² - 4zida",2023-08-11,,75 m² ,3 sobe ,centralno grejanje ,uobičajeno stanje ,,6/8 spratova ,ima lift (1) ,terasa ,"telefon, kablovska, internet, klima ",20807 ,pre 23 sati ,650,Nehruova,"Blok 44 TC Piramida, Novi Beograd, Beograd",,,namešteno ,uknjiženo ,useljivo ,,,,,,,,,,,,
208,https://www.4zida.rs/izdavanje-stanova/grbavica-gradske-lokacije-novi-sad/jednoiposoban-stan/64d62812e69fd7ad5c05c17d,"Jednoiposoban stan za izdavanje, Grbavica, 400€, 38m² - 4zida",2023-08-11,Stan u zgradi ,38 m² ,1.5 soba ,,,,4. sprat ,,,,2948 ,pre 3 sata ,400,Grbavica,"Grbavica, Gradske lokacije, Novi Sad",,,namešteno ,,,,,,,,,,,,,,
209,https://www.4zida.rs/izdavanje-stanova/brace-jerkovic-vozdovac-opstina-beograd/jednoiposoban-stan/64d57efca4302535980daf3d,"Jednoiposoban stan za izdavanje, Piva Karamatijevića, 400€, 46m² - 4zida",2023-08-11,Stan u zgradi ,46 m² ,1.5 soba ,etažno grejanje ,renovirano ,,1/4 sprata ,,,"kablovska, internet, TV, klima, veš mašina, kuhinjski elementi, frižider, rerna, šporet, ležaj ",,pre 15 sati ,400,Piva Karamatijevića,"Braće Jerković, Voždovac opština, Beograd",,"kupatilo, kuhinja, ostava ",namešteno ,uknjiženo ,useljivo ,obavezan depozit ,,"Porodice, Studente ",Ne ,,,Da ,,uključene u cenu ,,"26, 50, 18 ",
